2500
200 210
220 519
276 1013
223 1427
39 1677
117 2009
167 2772
320 2842
253 3268
171 3684
200 4308
174 4623
291 5060
183 5423
377 5931
349 6176
140 6568
246 7167
332 7220
194 7970
96 8310
378 8662
233 9097
255 9285
316 9977
121 10068
284 10694
290 10974
153 11272
396 11681
2 12297
208 12493
16 12853
59 13548
72 13852
269 14167
114 14647
380 15098
95 15386
335 15963
162 16055
30 16445
348 17071
171 17252
342 17718
133 18295
366 18740
387 19182
393 19245
329 19616
649 197
583 714
795 914
611 1242
700 1745
756 2013
599 2785
458 2898
655 3380
550 3748
649 4234
442 4615
573 5180
596 5317
776 5676
533 6176
624 6667
489 6971
732 7452
612 7783
748 8119
596 8499
503 9005
596 9509
784 9897
408 10232
530 10401
798 11103
780 11393
771 11907
620 12055
483 12444
721 12923
614 13405
774 13977
787 14274
495 14582
772 14949
786 15367
409 15921
464 16016
505 16545
416 16902
447 17595
647 17970
653 18066
424 18735
509 19097
458 19474
501 19983
1050 87
1056 696
1069 1027
844 1406
1146 1604
927 2361
819 2631
905 2834
1132 3304
1180 3730
873 4233
996 4448
919 5056
1144 5376
930 5644
911 6331
883 6766
979 7103
945 7374
908 7690
978 8234
850 8596
816 8906
982 9548
1009 9761
829 10233
1145 10624
1081 10864
832 11424
991 11713
1020 12301
1195 12702
1067 12973
1004 13563
1147 13863
852 14124
897 14453
1071 14912
958 15252
811 15919
965 16040
951 16461
1015 17183
924 17446
959 17867
1110 18378
967 18705
1031 19185
877 19586
1147 19623
1448 350
1298 696
1554 1169
1560 1312
1572 1970
1582 2136
1561 2484
1349 2928
1267 3472
1525 3777
1290 4235
1354 4609
1339 5184
1393 5367
1569 5692
1342 6168
1593 6591
1264 7147
1311 7223
1210 7683
1544 8391
1370 8705
1226 9118
1584 9244
1342 9860
1420 10231
1294 10725
1239 10984
1508 11384
1503 11828
1427 12044
1596 12619
1434 12859
1317 13497
1233 13726
1579 14376
1268 14500
1432 14894
1218 15415
1289 15711
1275 16309
1493 16520
1385 17132
1456 17293
1267 17710
1472 18293
1353 18619
1263 19138
1429 19380
1434 19861
1857 164
1837 725
1864 868
1970 1433
1835 1610
1895 2261
1870 2587
1932 2855
1718 3387
1699 3736
1896 4370
1980 4800
1789 4843
1890 5569
1774 5675
1830 6382
1791 6418
1858 6806
1685 7379
1838 7871
1789 8132
1731 8458
1870 8815
1664 9588
1801 9762
1675 10049
1684 10455
2000 11024
1649 11441
1792 11774
1916 12021
1755 12506
1638 12813
1711 13275
1791 13900
1897 14331
1983 14780
1941 15052
1994 15204
1791 15746
1718 16266
1794 16601
1920 16946
1624 17520
1986 17815
1693 18253
1788 18647
1958 19025
1811 19220
1851 19954
2319 148
2284 653
2127 976
2105 1320
2132 1847
2265 2249
2112 2411
2049 3183
2108 3224
2302 3693
2238 4394
2346 4425
2193 5055
2202 5203
2227 5652
2356 6097
2151 6592
2350 7029
2319 7206
2348 7650
2252 8165
2298 8716
2127 9098
2250 9434
2321 9704
2278 10111
2049 10575
2135 11041
2030 11488
2196 11856
2292 12103
2352 12442
2294 13053
2271 13365
2258 13770
2214 14062
2334 14464
2329 14812
2313 15378
2245 15834
2233 16123
2344 16682
2297 16830
2122 17478
2318 17869
2085 18161
2372 18789
2202 19017
2241 19224
2381 19651
2594 195
2464 479
2610 1144
2491 1322
2521 1887
2707 2354
2761 2602
2587 3010
2632 3508
2487 3701
2577 4124
2661 4500
2512 4814
2716 5504
2438 5897
2706 6183
2443 6769
2661 7052
2712 7503
2725 7985
2542 8232
2690 8502
2433 8876
2711 9416
2735 9950
2716 10063
2425 10528
2562 10936
2542 11278
2791 11731
2726 12297
2713 12768
2617 12925
2571 13281
2428 13695
2417 14169
2678 14706
2622 15111
2733 15285
2526 15819
2786 16394
2682 16410
2473 17195
2497 17414
2472 17687
2744 18349
2783 18608
2716 18952
2733 19238
2632 19912
2933 248
2832 410
2905 1053
3072 1237
3089 1998
3055 2274
3143 2488
3083 2815
2883 3531
2981 3706
2818 4076
2855 4752
3084 5170
2903 5416
3160 5934
2879 6092
2933 6510
2853 7037
3162 7525
3073 7851
3074 8080
2876 8568
2967 9159
2982 9449
3041 9962
3155 10258
3190 10409
3010 11073
3130 11464
2840 11889
2950 12118
3132 12682
3027 13137
2919 13340
3013 13943
3142 14038
3174 14418
3005 14941
3128 15586
3141 15768
3100 16247
2826 16641
3007 16987
2913 17337
2802 17704
3177 18151
2973 18661
3185 19199
2949 19303
2890 19961
3597 32
3598 771
3249 1002
3263 1576
3339 1955
3295 2390
3402 2472
3430 2808
3458 3494
3296 3860
3597 4025
3562 4569
3485 5146
3319 5233
3600 5809
3545 6349
3392 6742
3471 7040
3295 7533
3367 7833
3487 8261
3375 8440
3533 9156
3248 9342
3450 9743
3553 10198
3367 10667
3567 10803
3412 11237
3587 11764
3397 12331
3312 12788
3472 13182
3379 13518
3466 13897
3303 14104
3310 14677
3344 15194
3432 15391
3335 15681
3485 16040
3479 16404
3506 16997
3206 17269
3433 17993
3432 18030
3475 18743
3569 18899
3476 19348
3216 19741
3644 118
3845 553
3994 1188
3698 1378
3730 1833
3810 2014
3824 2440
3617 2881
3836 3575
3749 3621
3919 4333
3602 4593
3827 5122
3891 5303
3669 5907
3843 6065
3976 6439
3769 7170
3978 7467
3699 7707
3651 8308
3673 8626
3948 8841
3906 9335
3967 9606
3707 10285
3890 10508
3678 10917
3630 11520
3819 11650
3778 12013
3666 12554
3604 13035
3675 13581
3653 13773
3640 14103
3632 14512
3880 15179
3704 15385
3666 15671
3742 16172
3955 16432
3832 17184
3748 17413
3856 17918
3862 18033
3930 18680
3786 19133
3666 19412
3866 19718
4384 305
4172 416
4368 851
4346 1271
4187 1611
4093 2328
4135 2800
4359 3166
4383 3306
4178 3790
4023 4391
4223 4705
4270 5160
4189 5535
4172 5654
4004 6107
4310 6575
4074 7077
4177 7220
4348 7963
4382 8392
4291 8516
4391 9001
4081 9526
4307 9810
4115 10281
4201 10737
4137 10822
4249 11478
4309 11620
4283 12312
4078 12593
4039 12952
4069 13415
4171 13968
4178 14104
4312 14420
4220 15102
4220 15452
4227 15678
4062 16294
4311 16614
4230 16847
4235 17230
4276 17695
4049 18159
4007 18479
4303 18845
4230 19523
4211 19952
4691 340
4455 602
4759 1026
4455 1331
4478 1882
4560 2139
4575 2470
4752 3156
4469 3338
4738 3944
4633 4386
4454 4639
4416 5156
4635 5445
4679 5645
4548 6121
4737 6603
4674 7047
4428 7528
4777 7705
4561 8137
4595 8687
4558 8898
4595 9426
4636 9732
4522 10068
4469 10575
4658 10885
4531 11244
4681 11961
4440 12029
4481 12776
4583 13106
4623 13362
4633 13751
4619 14346
4687 14413
4584 14845
4511 15578
4622 15946
4461 16343
4765 16530
4518 16974
4566 17400
4617 17646
4560 18208
4426 18592
4584 19008
4497 19558
4770 19881
4908 188
5026 747
5000 1162
5143 1462
5139 1764
4959 2400
4907 2475
4881 2976
5048 3446
5175 3616
5091 4086
5024 4717
5029 5159
4876 5477
5068 5645
4957 6375
5032 6735
5073 7184
5096 7415
4997 7786
5179 8356
4985 8437
4830 9017
5012 9478
4862 9738
5045 10305
5023 10420
4973 10803
5130 11448
5079 11797
5093 12387
4924 12476
5121 13196
4811 13368
5011 13808
5154 14141
4963 14490
4977 14944
5107 15540
5173 15920
4877 16218
5024 16699
4989 17196
5101 17319
4996 17731
5115 18040
4917 18438
4867 19190
5186 19278
4957 19748
5485 62
5488 799
5304 816
5294 1562
5555 1667
5481 2031
5436 2457
5481 2824
5204 3333
5342 3799
5463 4057
5390 4731
5246 5057
5520 5583
5534 5677
5330 6170
5290 6769
5320 6993
5584 7413
5306 7890
5479 8387
5472 8466
5595 8904
5290 9598
5436 9831
5349 10050
5439 10738
5581 11037
5394 11500
5419 11679
5528 12349
5400 12770
5517 13119
5362 13453
5332 13820
5294 14362
5358 14766
5228 14952
5269 15269
5301 15857
5499 16201
5506 16490
5291 17038
5478 17436
5290 17696
5515 18017
5596 18514
5538 19113
5585 19252
5317 19716
5871 210
5629 428
5727 808
5731 1396
5676 1831
5604 2327
5984 2661
5968 2874
5699 3445
5909 3788
5940 4223
5756 4736
5889 4894
5800 5473
5745 5868
5940 6367
5677 6768
5994 6956
5928 7324
5903 7603
5906 8306
5881 8689
5766 9048
5962 9416
5692 9871
5603 10032
5645 10511
5919 11133
5756 11318
5805 11852
5985 12096
5818 12413
5664 13011
5768 13591
5886 13622
5945 14143
5927 14626
5632 14893
5673 15593
5860 15765
5815 16263
5748 16660
5925 16866
5744 17232
5735 17901
5883 18071
5996 18500
5683 18811
5862 19403
5953 19699
6224 298
6241 503
6075 1072
6147 1299
6217 1606
6215 2383
6220 2762
6194 2944
6379 3538
6175 3713
6238 4009
6183 4585
6060 5018
6196 5473
6020 5748
6371 6195
6397 6564
6297 6871
6387 7595
6170 7803
6001 8384
6138 8620
6298 9131
6316 9476
6220 9642
6389 10009
6003 10571
6194 10862
6388 11589
6335 11959
6088 12257
6106 12485
6020 13154
6107 13207
6349 13876
6161 14349
6212 14698
6120 14861
6181 15587
6336 16000
6381 16276
6009 16783
6399 17002
6044 17586
6142 17978
6297 18229
6187 18402
6265 19006
6307 19572
6212 19855
6599 373
6555 410
6670 1027
6470 1250
6613 1958
6402 2193
6633 2410
6527 3031
6563 3371
6569 3904
6500 4017
6484 4686
6770 5101
6492 5476
6672 5855
6483 6070
6627 6637
6432 6849
6463 7253
6450 7828
6410 8051
6772 8595
6412 8899
6425 9374
6621 9745
6429 10320
6561 10465
6606 10882
6765 11449
6758 11836
6503 12040
6657 12682
6628 13088
6730 13443
6741 13931
6470 14302
6734 14793
6496 15145
6443 15273
6471 15863
6569 16051
6583 16682
6467 17140
6763 17231
6540 17872
6618 18242
6711 18475
6475 18891
6714 19556
6733 19806
7087 354
6908 572
7146 955
6868 1589
7027 1738
7051 2348
6941 2785
7029 3007
7124 3391
6990 3615
6863 4007
7057 4725
6833 5083
6815 5499
7039 5899
6904 6077
7052 6563
7048 6950
7118 7515
6938 7696
6805 8340
6843 8497
7125 9071
7103 9400
6814 9692
7015 10076
6851 10423
7152 10835
7057 11519
7133 11695
7017 12389
6923 12469
6951 13170
7018 13220
7037 13907
6916 14193
6998 14510
7089 14874
7181 15391
7026 15994
7035 16040
6821 16685
6814 17124
7071 17422
7042 17756
7117 18059
6944 18439
6927 19046
7161 19496
7066 19749
7402 333
7541 751
7594 1029
7225 1574
7571 1850
7519 2205
7441 2691
7241 3006
7415 3512
7227 3656
7219 4343
7266 4562
7534 4992
7559 5446
7239 5776
7594 6192
7308 6734
7343 6902
7314 7367
7227 7684
7216 8298
7489 8608
7340 9081
7213 9554
7344 9639
7562 10162
7534 10427
7523 11019
7371 11434
7264 11809
7209 12057
7553 12517
7542 12895
7370 13255
7461 13748
7338 14228
7245 14778
7587 14985
7459 15599
7290 15602
7589 16003
7364 16722
7582 16838
7340 17352
7471 17755
7512 18280
7411 18664
7548 18904
7558 19317
7358 19770
7816 296
7949 661
7873 1135
7997 1283
7885 1638
7685 2274
7641 2600
7795 2822
7789 3487
7725 3660
7641 4036
7891 4604
7852 5038
7907 5361
7906 5665
7883 6121
7912 6583
7933 6936
7670 7481
7819 7954
7919 8255
7827 8759
7606 9174
7932 9394
7812 9656
7805 10252
7643 10495
7607 11046
7884 11514
7607 11741
7930 12241
7862 12593
7623 12946
7928 13292
7627 13698
7646 14297
7952 14624
7855 15109
7797 15338
7703 15608
7745 16307
7812 16587
7954 17018
7633 17437
7683 17991
7978 18364
7831 18591
7756 19053
7888 19284
7945 19866
8181 342
8162 485
8165 1168
8393 1514
8105 1647
8273 2249
8354 2484
8388 3059
8254 3572
8047 3888
8362 4024
8252 4544
8166 4807
8396 5206
8090 5892
8271 6223
8233 6433
8259 7150
8400 7403
8263 7657
8250 8135
8257 8555
8171 9044
8013 9224
8215 9659
8311 10128
8035 10514
8271 10952
8121 11419
8157 11762
8110 12028
8384 12695
8012 12994
8196 13563
8397 13610
8019 14246
8144 14628
8400 15066
8071 15564
8241 15838
8022 16104
8317 16408
8217 16988
8160 17537
8358 17916
8099 18067
8295 18434
8313 19106
8228 19260
8221 19824
8469 191
8421 565
8418 820
8430 1289
8735 1871
8678 2308
8774 2594
8716 2990
8733 3227
8479 3890
8694 4177
8709 4589
8562 4973
8446 5589
8633 5866
8564 6301
8457 6584
8465 6826
8555 7247
8466 7641
8717 8343
8749 8690
8489 9016
8431 9221
8642 9709
8711 10135
8685 10571
8723 11199
8743 11521
8739 11775
8538 12103
8428 12594
8638 12844
8572 13545
8490 13837
8785 14006
8580 14685
8647 15020
8500 15478
8640 15941
8786 16102
8476 16623
8672 17150
8573 17415
8622 17711
8741 18360
8565 18768
8505 18803
8412 19476
8699 19701
8913 235
8859 644
8920 1105
8863 1371
8982 1902
8912 2120
9156 2539
9094 3027
8840 3266
9193 3862
8976 4334
9021 4741
9053 5077
9095 5416
8953 5745
9117 6217
9179 6727
8860 6850
9031 7322
9021 7965
9175 8284
8884 8730
9174 9177
8909 9213
9194 9701
9026 10169
9186 10798
8861 10991
9075 11555
8806 11979
8899 12274
8995 12430
9000 13054
8879 13231
9127 13851
9195 14301
8886 14430
8983 14859
9158 15491
8824 15951
9143 16201
8919 16681
8999 16980
8871 17225
8886 17676
9155 18137
9102 18549
8966 18901
9154 19396
8883 19832
9247 29
9332 484
9210 1066
9343 1567
9356 1718
9469 2051
9518 2740
9531 2868
9271 3553
9244 3756
9228 4398
9492 4681
9298 4857
9534 5203
9405 5616
9434 6251
9597 6718
9486 6806
9383 7228
9525 7891
9297 8193
9541 8767
9332 9023
9586 9354
9375 9982
9510 10154
9531 10553
9235 10829
9362 11568
9583 11966
9535 12217
9368 12683
9334 12853
9441 13516
9233 13717
9358 14129
9461 14498
9247 15145
9472 15233
9298 15646
9566 16007
9400 16696
9312 16986
9476 17473
9305 17859
9438 18391
9275 18757
9426 19008
9209 19266
9275 19641
9734 233
9722 794
9882 968
9938 1354
9752 1636
9751 2117
9994 2702
9965 2905
9639 3440
9977 3743
9698 4166
9686 4572
9722 5111
9931 5331
9928 5958
9723 6061
9790 6644
9654 6823
9964 7592
9728 7715
9979 8279
9784 8772
9780 8948
9677 9419
9987 9605
9913 10085
9771 10798
9808 11044
9860 11339
9974 11739
9648 12097
9799 12637
9892 13005
9811 13455
9748 13939
9922 14126
9769 14457
9649 15148
9804 15325
9718 15742
9730 16383
9778 16652
9932 17186
9695 17392
9676 17621
9882 18123
9669 18481
9911 19160
9837 19273
9767 19984
10011 88
10061 531
10096 909
10079 1451
10186 1748
10392 2267
10082 2522
10070 2814
10059 3364
10157 3686
10184 4038
10160 4652
10070 4870
10164 5506
10094 5930
10241 6057
10369 6653
10187 6864
10314 7417
10314 7651
10365 8257
10317 8798
10378 9186
10011 9236
10101 9719
10121 10237
10157 10632
10040 10978
10253 11403
10084 11947
10084 12276
10003 12452
10081 12989
10067 13594
10006 13932
10044 14322
10189 14712
10271 14918
10249 15482
10106 15949
10400 16178
10137 16508
10010 16977
10286 17462
10379 17921
10208 18063
10148 18562
10066 19028
10351 19333
10173 19908
10464 168
10581 604
10431 851
10722 1479
10684 1627
10580 2236
10604 2716
10743 3013
10492 3380
10475 3623
10452 4234
10485 4552
10796 4950
10779 5546
10634 5704
10605 6250
10623 6785
10453 7054
10787 7526
10532 7871
10752 8263
10506 8556
10579 9200
10720 9422
10580 9946
10644 10183
10580 10680
10734 10975
10782 11465
10472 11815
10768 12276
10464 12590
10612 12869
10795 13350
10794 13727
10420 14298
10741 14477
10453 14919
10477 15524
10693 15808
10670 16136
10790 16449
10416 17076
10575 17597
10540 17846
10563 18059
10473 18579
10600 19036
10647 19395
10785 19792
11073 5
10889 613
10881 893
11084 1309
10817 1776
11116 2238
11063 2706
11038 3078
10981 3212
11026 3872
11057 4389
11130 4681
10919 4881
10916 5517
11075 5700
10908 6099
10856 6549
11112 6937
10993 7395
11045 7761
11122 8113
11198 8584
10818 9035
10814 9350
10998 9791
11173 10054
10931 10654
11086 11049
11134 11201
10965 11761
10853 12225
11059 12508
11125 12922
11044 13317
11068 13641
11078 14189
10953 14675
11125 14922
10862 15490
11023 15859
10880 16195
11065 16611
11200 16950
10859 17533
10903 17776
10845 18155
11152 18656
11062 19076
11177 19258
11192 19845
11250 269
11585 602
11296 1061
11475 1357
11350 1697
11215 2230
11443 2631
11592 3042
11581 3202
11326 3683
11377 4171
11437 4480
11226 4850
11555 5554
11307 5947
11350 6156
11367 6487
11509 7062
11547 7335
11570 7649
11431 8337
11430 8425
11367 9021
11418 9347
11422 9896
11381 10351
11266 10769
11230 10843
11219 11537
11548 11677
11435 12098
11433 12401
11384 12893
11415 13282
11428 13736
11330 14010
11272 14759
11587 15039
11331 15404
11537 15905
11299 16070
11407 16516
11238 16988
11310 17208
11324 17658
11285 18310
11355 18669
11463 19090
11513 19277
11571 19740
11764 101
11702 636
11611 888
11626 1294
11843 1914
11950 2294
11983 2556
11609 3173
11943 3271
11980 3619
11728 4016
11928 4634
11836 4990
11723 5349
11818 5645
11840 6334
11745 6741
11769 6908
11980 7346
11753 7823
11659 8102
11716 8794
11809 8876
11966 9303
11698 9897
11721 10225
11865 10401
11610 10900
11742 11332
11848 11912
11777 12040
11845 12673
11980 13165
11932 13560
11710 13636
11734 14120
11737 14601
11713 15145
11828 15230
11648 15926
11879 16120
11702 16543
11672 16912
11794 17366
11795 17994
11677 18323
11633 18673
11748 19164
11837 19231
11923 19898
12067 8
12017 555
12208 882
12100 1588
12063 1699
12313 2341
12170 2766
12035 3042
12029 3429
12007 3824
12174 4035
12098 4606
12307 5045
12169 5343
12228 5644
12040 6294
12051 6408
12048 7011
12089 7299
12198 7752
12197 8062
12044 8767
12027 8831
12160 9256
12211 9766
12231 10384
12200 10728
12189 10858
12125 11509
12152 11952
12352 12191
12245 12755
12150 13044
12165 13391
12343 13914
12294 14091
12375 14737
12009 14801
12367 15368
12008 15729
12285 16238
12112 16436
12166 17100
12093 17442
12161 17844
12193 18112
12386 18789
12066 18888
12184 19382
12278 19726
12495 171
12569 421
12459 977
12422 1578
12745 1981
12506 2181
12619 2618
12617 3136
12469 3461
12577 3829
12505 4369
12693 4442
12709 5110
12529 5292
12492 5958
12570 6138
12528 6738
12559 6939
12514 7332
12516 7610
12512 8221
12591 8730
12790 9159
12665 9259
12619 9993
12639 10275
12761 10531
12717 11021
12441 11597
12713 11684
12707 12082
12621 12434
12771 13131
12572 13284
12462 13839
12446 14126
12460 14636
12455 14801
12594 15472
12459 15964
12664 16250
12639 16577
12780 16907
12749 17572
12455 17861
12455 18361
12694 18628
12747 19064
12558 19270
12700 19772
13109 345
13097 720
12932 1103
13120 1477
12974 1931
13040 2390
12980 2430
12918 2911
12936 3266
12883 3743
13079 4137
12903 4524
13164 4849
13140 5274
12871 5791
13045 6379
12935 6541
13098 7018
12843 7417
12894 7769
12899 8285
12910 8678
13115 8979
13189 9202
13044 9671
12896 10074
12959 10599
12998 10875
12999 11289
12948 11821
13079 12392
12999 12765
12884 12896
12982 13278
13065 13827
12998 14315
12863 14707
12993 15129
12885 15333
13083 15881
12955 16378
13154 16713
12928 16903
13139 17479
12943 17686
12899 18021
12829 18698
13137 18912
13145 19270
12990 19761
13496 387
13276 759
13446 1020
13439 1482
13504 1721
13362 2058
13299 2468
13522 2978
13322 3413
13256 3817
13498 4155
13437 4727
13204 4926
13590 5500
13395 5731
13261 6091
13270 6488
13201 7115
13459 7439
13396 7762
13512 8310
13371 8762
13529 8844
13339 9250
13456 9795
13466 10106
13501 10455
13232 11056
13380 11573
13355 11974
13304 12167
13216 12573
13454 13168
13239 13312
13359 13834
13425 14070
13295 14795
13583 14823
13591 15321
13273 15846
13467 16290
13503 16519
13496 17134
13574 17227
13459 17729
13553 18362
13495 18768
13286 18901
13488 19324
13364 19646
13909 389
13667 404
13935 801
13626 1525
13721 1650
13723 2340
13892 2425
13658 2987
13911 3232
13814 3769
13712 4166
13682 4758
13685 4967
13658 5572
13890 5822
13969 6198
13762 6787
13753 6896
13939 7379
13973 7660
13828 8095
13999 8519
13671 8808
13858 9533
13639 9671
13701 10102
13788 10534
13660 11024
13900 11317
13748 11741
13890 12068
13891 12451
13655 12843
13699 13545
13773 13671
13604 14353
13765 14754
13623 14987
13962 15480
13720 15952
13902 16172
13654 16441
13906 16865
13865 17357
13781 17612
13850 18023
13679 18540
13625 18885
13734 19323
13630 19859
14193 33
14211 709
14339 1033
14096 1452
14065 1815
14203 2366
14338 2608
14007 3043
14272 3423
14352 3605
14234 4201
14379 4712
14292 4803
14397 5577
14126 5626
14235 6318
14010 6445
14227 7100
14230 7474
14151 7894
14040 8306
14211 8777
14065 8969
14172 9537
14391 9723
14293 10176
14323 10671
14088 10966
14273 11236
14142 11950
14013 12377
14268 12774
14373 12846
14274 13354
14319 13976
14047 14358
14281 14610
14286 15098
14330 15257
14186 15873
14179 16078
14048 16453
14300 16887
14218 17324
14122 17912
14074 18086
14288 18693
14060 19012
14338 19533
14366 19808
14660 364
14565 493
14525 802
14790 1255
14459 1775
14679 2237
14604 2726
14642 2903
14765 3259
14578 3638
14770 4251
14524 4609
14495 4983
14421 5232
14467 5938
14639 6326
14701 6755
14770 6826
14757 7559
14432 7967
14533 8310
14603 8736
14587 9196
14790 9351
14407 9768
14589 10328
14770 10664
14537 10817
14798 11309
14448 11616
14798 12239
14741 12698
14545 13111
14675 13301
14621 13906
14419 14306
14615 14622
14593 14802
14569 15383
14504 15775
14702 16244
14503 16623
14459 16991
14639 17256
14651 17839
14471 18248
14477 18764
14497 18973
14626 19572
14626 19646
15029 244
15151 444
14817 944
15197 1386
15078 1652
15160 2131
15096 2414
15153 3154
14956 3344
15162 3606
15182 4032
15005 4410
15195 5054
14982 5372
15025 5607
14970 6053
15051 6520
14848 7019
15015 7596
14804 7644
14848 8316
14974 8743
15081 8879
15048 9237
15022 9809
15194 10155
15041 10551
14964 10987
14804 11497
15111 11780
15056 12080
14984 12458
14951 13032
15076 13566
14979 13832
14809 14226
14947 14535
14920 14827
15013 15568
14815 15634
14928 16009
14940 16720
14911 17103
14859 17314
14951 17969
15045 18006
14848 18428
14815 18998
15011 19491
14915 19990
15274 76
15367 620
15410 1087
15398 1222
15454 1813
15255 2381
15373 2594
15453 3083
15248 3511
15548 3750
15479 4192
15308 4678
15371 4922
15275 5582
15564 5790
15523 6037
15417 6489
15408 6826
15575 7206
15247 7780
15370 8053
15313 8694
15398 9165
15328 9397
15475 9675
15546 10105
15418 10453
15582 11188
15327 11256
15521 11642
15397 12243
15279 12413
15532 13038
15238 13458
15395 13636
15238 14364
15288 14550
15409 15085
15266 15536
15281 15940
15562 16379
15244 16579
15231 17177
15319 17309
15232 17639
15351 18181
15482 18581
15345 18965
15218 19335
15222 19765
15770 59
15680 610
15760 1089
15694 1425
15824 1727
15716 2138
15705 2559
15916 2887
15735 3234
15748 3719
15673 4298
15851 4706
15630 5147
15670 5599
15681 5691
15763 6203
15702 6643
15612 7061
15731 7257
15686 7906
15783 8153
15643 8639
15912 9111
15878 9598
15896 9625
15668 10320
15874 10670
15825 11103
15817 11494
15901 11849
15937 12016
15651 12790
15858 12814
15850 13540
15671 13887
15797 14205
15640 14592
15996 15103
15654 15473
15852 15949
15897 16272
15869 16570
15741 16893
15624 17557
15939 17876
15758 18227
15891 18608
15816 18900
15822 19217
15991 19844
16304 188
16048 695
16331 843
16149 1584
16267 2000
16332 2115
16223 2552
16236 3164
16197 3459
16272 3687
16135 4029
16313 4777
16237 4880
16077 5210
16096 5667
16205 6351
16206 6652
16245 6936
16247 7545
16119 7665
16345 8003
16180 8567
16154 8815
16082 9550
16274 9954
16036 10360
16334 10700
16336 10922
16379 11564
16083 11627
16031 12287
16377 12636
16091 12974
16324 13537
16118 13994
16001 14014
16396 14532
16133 14902
16147 15366
16003 15620
16071 16391
16331 16405
16242 17066
16126 17373
16182 17809
16199 18212
16095 18527
16399 18985
16300 19474
16073 19970
16668 26
16735 615
16557 819
16716 1503
16585 1871
16674 2207
16661 2604
16611 2902
16422 3489
16674 3803
16497 4024
16766 4543
16551 5116
16680 5202
16590 5904
16723 6057
16729 6658
16671 6838
16628 7339
16692 7964
16409 8166
16571 8621
16721 9181
16722 9494
16669 9748
16448 10317
16571 10765
16412 11121
16681 11491
16723 11670
16546 12245
16478 12475
16454 13100
16464 13482
16790 13955
16597 14398
16472 14767
16618 15193
16748 15292
16638 15768
16639 16238
16437 16761
16602 16848
16682 17282
16690 17756
16503 18035
16752 18532
16461 19158
16784 19324
16591 19973
16879 387
17171 550
17154 940
16894 1453
17031 1884
17172 2021
16921 2408
17182 3122
16807 3415
17156 3848
17170 4010
17083 4673
16942 5095
17030 5325
16819 5620
16897 6049
16807 6419
16950 7160
16959 7444
16964 7941
16927 8135
17114 8599
16895 9095
16872 9301
16909 9627
17149 10030
16837 10583
17102 10930
16877 11332
17006 11647
16951 12254
16895 12509
17025 13045
16868 13535
16840 13783
17075 14118
17118 14588
17116 14812
16834 15539
16864 15742
17166 16012
16923 16754
16946 16825
16835 17423
16956 17792
17021 18258
16845 18716
17167 19069
16912 19586
17003 19703
17369 30
17420 438
17369 887
17201 1403
17225 1664
17496 2342
17228 2419
17495 2973
17243 3481
17547 3750
17272 4168
17559 4517
17283 5077
17537 5346
17463 5692
17448 6383
17321 6419
17572 7089
17257 7572
17291 7681
17235 8387
17575 8462
17557 9021
17387 9599
17302 9733
17300 10173
17500 10458
17441 11134
17535 11330
17279 11749
17421 12278
17331 12693
17496 12902
17333 13552
17225 13824
17585 14059
17362 14759
17273 14870
17379 15459
17268 15832
17543 16167
17557 16643
17376 16949
17376 17310
17478 17807
17458 18050
17284 18740
17542 19132
17593 19275
17435 19617
17850 219
17628 763
17729 852
17632 1460
17910 1699
17643 2204
17817 2799
17646 3144
17748 3374
17654 3977
17980 4263
17627 4415
17755 5168
17946 5299
17642 5781
17716 6243
17951 6495
17805 6832
17746 7436
17843 7607
17886 8285
17810 8454
17836 9008
17998 9535
17981 9603
17911 10360
17817 10737
17926 11123
17905 11472
17622 11898
17604 12089
17741 12706
17735 13097
17889 13480
17733 13683
17838 14370
17920 14799
17976 14955
17806 15525
17689 15786
17927 16351
17697 16495
17888 16823
17618 17392
17846 17991
17641 18249
17679 18581
17706 18965
17678 19595
17644 19762
18077 233
18083 748
18231 858
18102 1237
18334 1742
18222 2212
18093 2671
18307 3180
18293 3476
18123 3738
18218 4163
18338 4696
18296 4843
18012 5525
18389 5655
18038 6018
18287 6520
18365 6869
18130 7219
18105 7663
18112 8279
18275 8604
18149 8933
18135 9593
18008 9809
18082 10225
18324 10419
18072 11019
18013 11283
18095 11954
18089 12132
18371 12727
18203 13087
18395 13532
18257 13652
18347 14369
18330 14573
18172 14830
18305 15459
18374 15864
18067 16055
18040 16790
18025 16863
18160 17237
18145 17806
18390 18185
18289 18712
18063 18892
18151 19257
18375 19607
18460 321
18775 789
18493 899
18770 1597
18709 1943
18612 2375
18797 2651
18717 2821
18713 3228
18410 3609
18586 4351
18545 4474
18615 5007
18565 5565
18616 5740
18723 6275
18460 6698
18664 6905
18748 7385
18453 7856
18528 8265
18582 8476
18515 8850
18449 9580
18430 9658
18788 10215
18760 10533
18688 10974
18739 11253
18490 11754
18544 12013
18781 12555
18662 13044
18659 13361
18780 13912
18416 14107
18528 14549
18535 14994
18599 15383
18573 15780
18592 16161
18794 16503
18645 17081
18677 17335
18685 17918
18641 18028
18730 18621
18583 18943
18416 19241
18703 19995
19104 270
18854 431
19171 988
19025 1369
19122 1997
19100 2113
18909 2693
19015 3105
18973 3243
18840 3658
19161 4280
18837 4642
18900 5019
19185 5315
19012 5887
18861 6115
18909 6514
18898 6879
19101 7522
18999 7822
19070 8098
19086 8731
19190 8853
19035 9314
18895 9874
18923 10055
18905 10560
19097 10956
19130 11433
19022 11741
18919 12283
19056 12579
19196 13153
19057 13449
19026 13655
18822 14047
18952 14708
19177 14893
19160 15364
19007 15654
19189 16281
18861 16494
19192 17109
19049 17522
18893 17671
18862 18163
19105 18717
19142 19052
19021 19398
18900 19646
19453 122
19245 756
19581 1173
19201 1540
19336 1807
19545 2125
19239 2757
19370 2831
19417 3218
19552 3909
19240 4013
19272 4696
19482 4813
19348 5254
19362 5799
19252 6366
19520 6496
19474 7052
19268 7474
19343 7804
19232 8040
19480 8470
19548 8849
19252 9365
19218 9603
19225 10010
19568 10448
19505 11001
19260 11204
19454 11774
19403 12305
19339 12474
19600 12812
19526 13220
19485 13668
19375 14316
19259 14454
19538 14807
19254 15589
19323 15671
19544 16147
19232 16663
19395 17137
19263 17406
19540 17868
19579 18142
19373 18470
19368 18924
19233 19293
19295 19918
19712 269
19785 571
19922 874
19729 1527
19663 1851
19998 2006
19949 2429
19868 2943
19917 3482
19901 3809
19749 4231
19902 4673
19900 4869
19997 5533
19713 5691
19802 6225
19912 6738
19947 7033
19612 7275
19712 7674
19925 8109
19631 8625
19689 9098
19968 9558
19731 9868
19766 10279
19650 10419
19752 11150
19688 11300
19834 11800
19742 12387
19976 12453
19924 13122
19838 13535
19948 13949
19960 14224
19609 14790
19649 14897
19839 15568
19606 15921
19787 16123
19800 16636
19742 17103
19785 17381
19602 17970
19932 18143
19956 18708
19748 19032
19781 19585
19766 19729
