1000
292 -8 297
283 5 -66
250 42 8
283 -236 -95
155 -74 -204
233 193 -217
-206 -280 -11
55 -29 -137
67 -163 42
49 -238 46
13 -186 -288
-224 -205 14
114 -207 38
271 -135 -231
100 81 30
226 172 -275
230 11 -285
97 -201 -39
-63 -101 -185
-90 -187 -272
209 137 -164
134 -173 -65
134 -137 -15
14 -295 201
123 2 -191
134 -95 245
233 23 -61
-253 -230 13
126 -196 41
-9 -256 -18
34 -220 254
-25 -153 -109
-62 -110 32
-297 -298 53
167 -128 106
110 -35 -152
67 -167 -68
-34 -58 187
25 15 -48
232 -91 19
190 -133 246
82 48 44
-7 -200 -192
218 80 154
-161 -267 -233
-92 -298 193
244 -120 147
18 -66 -94
174 54 -46
105 52 62
56 -68 -233
237 161 -221
30 -2 -35
186 -157 -116
280 -190 -273
-160 -173 34
112 -61 205
-215 -225 176
165 5 2
297 -287 86
236 -54 275
127 -234 78
88 -47 -289
119 -167 161
-236 -250 196
262 -259 251
256 41 79
-242 -267 -7
-248 -239 116
110 -82 -174
-79 -295 139
96 -23 -221
247 144 265
64 -43 248
-37 -92 -99
106 -158 9
53 -247 -59
270 -296 -65
155 74 18
259 -299 164
266 -114 150
124 71 116
226 -51 -231
225 -240 205
-71 -65 -19
197 17 173
214 -59 283
250 78 -95
49 -88 0
268 -16 -100
296 234 204
-165 -220 199
196 -38 48
-132 -235 53
298 -11 178
95 -23 205
192 48 -159
271 -130 -58
150 38 -283
-149 -136 181
-142 -251 -235
123 -171 -85
100 -28 269
287 -193 -211
130 -148 -213
84 -204 202
264 46 11
259 -107 -201
89 -146 -71
215 128 136
84 -43 106
239 -37 184
182 110 6
196 75 -105
292 117 226
235 55 219
288 227 -55
63 -232 -186
252 93 230
153 -183 -222
55 -19 64
136 -255 -277
-167 -153 164
10 -184 16
-54 -129 -229
193 9 -6
-48 -80 -159
86 3 -293
89 38 -126
-204 -241 31
245 -114 -179
15 -176 95
143 -237 115
-70 -171 9
53 -36 -57
-82 -229 35
141 -117 -29
-68 -240 161
129 12 -71
138 -272 -18
74 -146 -191
207 8 144
145 -151 168
262 -24 71
102 -252 -255
127 -241 96
197 -101 143
129 -154 -36
111 -133 -160
112 14 210
141 37 118
278 -252 -28
-32 -110 -287
67 -241 166
39 -242 -146
209 -134 242
299 -22 -124
273 -134 -260
201 149 183
-69 -228 -85
-35 -89 -272
-30 -220 -188
248 125 -221
164 111 -108
272 139 -116
256 182 -143
-156 -266 -188
-90 -162 214
15 -113 -149
97 -26 297
17 -105 163
94 -135 266
0 -300 227
-95 -280 -165
34 -251 54
156 115 -22
157 98 -21
291 -246 184
294 -184 -211
279 -288 222
-40 -173 -123
296 198 -126
-117 -177 -146
123 105 -168
217 182 -274
160 -267 -92
178 155 109
200 -148 206
288 27 195
-72 -201 -1
133 20 173
230 -272 77
222 -4 63
197 -257 109
249 14 26
98 -195 202
-75 -162 138
-1 -170 114
20 -244 49
139 -253 150
294 97 -92
70 17 -187
24 -288 14
142 130 289
230 -265 -199
-197 -295 -205
-223 -259 37
242 -138 -268
300 13 -201
56 -217 -231
271 37 -98
160 -1 270
224 -75 -83
41 4 233
147 74 287
118 0 -267
262 -101 -195
125 -240 75
-209 -258 204
54 -129 147
285 51 90
-217 -237 192
232 -240 -215
197 -262 31
250 -289 -175
200 104 150
-214 -202 155
-30 -185 286
296 -54 258
154 -276 50
-186 -237 276
232 -133 -180
240 -55 -44
234 211 282
250 23 -9
-245 -285 -259
-117 -132 278
146 23 164
14 -229 220
103 77 173
-53 -92 172
-113 -179 214
63 -254 -125
-57 -151 -100
85 -65 -191
148 -94 110
232 -250 12
-278 -259 -115
242 -147 -194
11 -256 -54
236 112 160
167 -289 191
213 -63 -73
106 -156 -148
171 -76 37
192 -210 -271
62 31 60
138 -235 258
44 -221 258
202 -298 -180
262 24 -55
182 -26 267
293 -227 -251
299 -119 -291
268 -143 6
80 -148 77
266 -217 103
275 99 -281
-80 -185 -140
294 -275 139
181 -223 -124
238 24 88
-143 -246 143
194 -262 -81
283 -19 296
230 12 -162
-108 -277 -148
71 -163 263
57 22 100
-139 -203 -199
300 -21 217
67 -276 -288
52 31 -289
198 -10 -25
-72 -142 -25
224 -211 -43
170 -8 -224
286 -8 69
109 -98 -84
234 -34 -29
-111 -199 26
131 -173 274
91 15 -230
206 -276 287
287 88 -225
281 97 -202
-275 -251 -218
156 -241 139
69 -200 189
200 81 116
284 75 173
191 -65 -234
136 111 -244
290 -117 -213
263 78 76
-44 -180 -145
278 89 38
226 27 -99
52 -4 59
81 22 40
261 141 114
-79 -235 44
98 58 -19
216 69 152
47 -13 -239
109 -219 267
86 11 -119
264 -74 -209
163 20 -94
-216 -266 -76
-7 -75 -256
171 150 156
-176 -287 38
156 -25 -108
288 167 139
201 155 -274
201 133 -275
58 5 -73
275 58 -175
286 99 211
92 -63 154
214 178 176
-3 -161 -31
12 -50 30
-127 -264 -53
177 -83 -191
92 -206 -111
159 89 174
-169 -225 281
-170 -157 115
-39 -54 20
31 -77 215
212 175 121
-32 -143 -156
121 21 128
-107 -246 254
171 45 -249
0 -98 80
209 -33 -165
-148 -263 71
37 -212 -267
244 52 97
296 178 47
-24 -140 -151
-48 -229 194
33 -142 162
35 -94 148
293 28 -26
239 151 -290
287 -29 165
136 -268 -82
112 -285 110
288 -153 -37
48 -228 -238
100 -191 -212
-135 -191 12
132 -139 -252
74 -170 51
145 -137 -64
128 -1 142
223 -194 -116
239 -191 -67
267 185 -294
33 -55 10
-9 -99 -293
-35 -81 -188
201 -144 -30
296 -164 -226
-61 -216 288
288 48 25
-14 -83 143
184 -206 -111
36 -118 -80
52 -20 88
237 -151 113
182 -195 152
244 -147 27
-229 -279 258
253 11 109
-217 -249 -80
-288 -259 -77
78 5 -223
20 -101 -239
-79 -259 -37
253 66 35
46 -58 200
-102 -137 112
77 -45 73
18 -93 235
56 -167 63
45 -34 94
73 19 -80
293 -156 -117
118 -85 -285
20 -142 -271
222 -217 112
-181 -266 55
274 -140 -11
139 -127 184
229 -131 -11
-48 -115 127
-72 -173 -3
-30 -111 191
148 -57 -236
233 -178 3
219 140 249
41 -160 3
19 -42 225
56 -45 -67
206 100 285
126 -68 -61
-93 -219 205
78 -114 203
114 -91 -96
212 59 275
277 174 -160
111 -167 258
160 -82 299
209 -79 -213
293 229 -60
240 -298 -199
-7 -253 -82
-231 -212 8
-51 -208 258
246 -14 72
164 19 -23
209 72 -238
233 -55 -250
169 118 217
-26 -50 -52
108 -288 293
-177 -214 -124
-26 -106 76
123 -138 289
248 -163 -38
292 110 204
172 146 -256
-17 -171 168
8 -45 33
85 22 -26
97 -73 -21
-160 -170 275
159 -169 21
118 68 -14
194 -27 -283
2 -87 239
275 27 -51
214 -80 220
146 -136 -104
58 22 -158
164 120 -44
-74 -254 -180
16 -214 103
195 153 -88
153 -141 163
282 -10 -211
33 -117 -124
-31 -187 124
100 66 -278
46 -289 -51
164 29 211
-143 -222 0
260 -275 240
212 -5 109
-164 -266 193
65 -46 46
34 -166 264
46 18 -194
293 -217 189
45 -216 265
-178 -185 100
73 -205 245
185 -56 204
211 79 288
285 7 -186
214 186 -62
235 32 -52
-116 -243 248
-154 -189 130
158 76 264
56 -147 -282
131 -217 97
24 -74 -45
194 -191 273
83 -9 1
53 -270 221
135 4 108
206 -66 -159
232 -36 -143
87 -255 159
116 71 218
94 -250 -59
132 -83 231
95 -142 151
168 -76 -44
-16 -224 -159
-41 -138 -192
258 -179 -158
298 -31 43
-154 -218 -20
237 -263 -87
289 -50 -167
234 -75 69
-20 -107 42
276 89 -157
91 -232 59
-124 -165 16
55 -181 25
93 -74 237
-4 -293 -97
143 92 184
105 -87 -196
90 57 -158
-134 -266 133
130 -294 -145
-150 -273 -289
189 79 38
246 149 119
-164 -145 283
14 -16 -244
-172 -165 83
210 -115 -276
99 -178 46
282 -213 135
162 40 -101
186 -26 -268
243 -81 -7
246 -119 -178
-263 -271 155
225 -286 215
181 13 183
95 -230 -147
168 -293 -222
242 138 178
-13 -71 -191
263 -90 -75
-155 -226 147
6 -232 282
120 -277 262
261 37 226
13 -197 277
139 -36 -297
180 91 124
90 -94 -212
263 -115 168
-130 -250 -258
-210 -202 -117
162 -130 -110
155 -273 10
190 77 -236
292 -25 91
122 -243 -131
-239 -241 71
57 -165 -273
58 -104 60
-66 -181 -261
225 -14 76
-279 -288 215
35 -139 76
242 -271 66
236 -135 -293
193 -33 30
11 -34 129
175 91 208
74 -82 -189
120 -143 -46
250 -194 280
219 -78 -97
96 -37 -36
102 -38 53
28 -203 -23
57 -12 158
131 -208 -297
279 156 -216
-231 -265 -61
199 -12 204
108 -167 83
-125 -133 -190
261 228 244
-168 -299 -25
-113 -253 105
122 -38 -224
181 -105 -147
-188 -193 223
294 -120 67
245 -185 -144
-7 -32 -136
-237 -230 17
50 -157 -256
53 -169 -282
227 -204 -59
-69 -237 -205
269 -20 -219
251 -87 254
66 -155 -197
198 -230 168
272 25 172
201 125 -31
190 25 143
291 234 146
227 97 -155
96 -245 -251
211 -200 -285
-57 -76 42
-78 -176 274
-245 -279 -180
277 228 71
-286 -259 299
244 -184 29
-30 -150 279
-95 -274 135
-79 -251 -87
280 216 -72
70 -86 23
33 -240 -63
182 11 134
-130 -283 139
57 -58 39
160 15 -85
249 -151 226
-217 -264 -157
12 -151 -152
243 47 -289
-20 -134 -260
-58 -256 -188
224 -28 292
147 -249 141
108 75 121
110 -73 -250
-102 -232 209
-202 -210 222
49 -263 155
-175 -213 186
192 -46 -132
198 115 -100
276 207 184
196 14 177
80 35 -47
224 110 9
-100 -256 -290
145 -212 124
276 -70 -84
295 234 198
-25 -265 -236
206 128 91
202 -208 279
-174 -176 161
-251 -282 174
-187 -223 -269
107 -42 165
-124 -226 253
104 -240 -100
235 -67 -169
-195 -264 234
260 77 -118
-60 -201 231
-165 -242 33
-203 -248 11
-51 -142 -184
-5 -64 199
-49 -208 160
204 -246 -166
293 216 -120
14 -12 238
283 -208 271
277 151 -110
156 -10 190
276 -161 -77
91 79 255
249 -193 275
212 -61 -299
227 48 161
-274 -244 39
-87 -292 -137
118 -110 -190
93 -197 221
295 91 1
149 -242 259
6 -68 -272
134 -298 222
174 139 -231
-104 -240 -16
57 -87 -116
268 -182 -115
-130 -296 68
-39 -223 22
57 -147 286
241 4 242
-94 -135 -291
-251 -280 178
225 10 148
-129 -216 -142
200 123 -212
-113 -208 35
0 -103 209
68 -67 -272
-16 -11 280
165 13 -79
55 -129 -192
-56 -152 -105
-32 -267 -280
135 -58 202
-91 -113 -113
61 -67 -283
202 140 17
122 -40 101
255 -95 29
67 -18 -119
243 -121 -162
-75 -115 -55
179 158 157
263 -221 71
296 -39 -297
24 -215 95
167 -231 70
44 -45 -300
-166 -208 -282
138 105 -74
138 -83 200
-211 -263 176
1 -131 3
237 -8 -196
38 -108 131
59 -223 50
5 6 108
205 -241 -106
-163 -183 -130
76 18 47
-62 -190 88
122 88 26
286 -230 -228
166 21 -175
-9 -142 236
97 68 251
296 31 278
227 15 237
131 33 67
198 -235 254
278 180 177
-62 -90 -45
23 -233 -106
66 -270 289
291 12 289
41 -245 7
77 -287 -126
92 -235 21
-23 -173 -258
8 -259 -191
101 -220 255
178 -71 -200
-250 -293 41
-149 -243 88
55 -195 -139
276 56 3
31 -244 -245
7 -163 -278
262 30 -195
23 -249 35
219 177 232
237 101 -82
62 51 283
71 -207 117
165 53 -8
170 -292 51
159 -219 107
62 44 -80
-215 -205 -10
243 141 92
10 -22 204
86 -255 -93
65 -55 253
117 -218 53
260 122 -211
75 -231 10
190 97 40
-57 -210 -156
0 -101 274
-89 -82 243
11 -211 267
21 -211 -198
-132 -261 -249
194 -48 -55
149 -145 213
0 -263 -107
-128 -158 -153
278 -214 -96
122 -23 72
236 11 -297
293 206 -279
275 28 5
284 -288 79
163 -149 7
0 -80 272
278 216 -128
-67 -299 11
-33 -58 -251
39 -60 -191
74 -191 42
234 188 -230
-93 -86 176
7 -113 -200
-30 -113 221
-120 -145 297
-42 -91 11
162 30 132
130 56 48
-80 -238 -212
69 -208 -172
256 -261 -200
112 -216 -278
59 -110 216
15 -220 4
231 29 244
295 49 282
271 70 -266
-35 -242 258
-83 -284 -299
293 149 69
185 36 151
282 -70 79
122 29 93
61 -56 98
18 -20 70
192 -117 -223
214 105 294
224 30 45
13 -16 -66
-49 -124 -294
243 22 241
127 -103 -221
-104 -289 -26
287 -264 214
158 103 252
-161 -268 -221
253 184 263
-32 -179 281
192 -39 -64
243 38 31
-20 -288 192
244 -230 70
210 34 106
-48 -293 3
-38 -256 52
157 116 -220
-55 -110 -89
246 -259 203
227 -133 -95
226 -72 -279
66 -231 240
-126 -212 -106
124 -66 -154
1 0 -48
201 49 -66
207 111 -201
117 -5 203
274 -251 194
-1 -3 -114
-138 -147 -80
-137 -209 189
131 -124 133
117 -183 84
65 -102 -137
248 -240 -213
-36 -82 -19
-171 -192 164
137 -68 139
291 129 -271
103 -211 27
231 -173 13
225 -68 42
-223 -219 142
247 -24 -242
106 -5 72
-95 -264 240
283 90 92
126 -208 -241
202 100 -262
178 -255 -88
244 -91 82
-40 -273 -17
237 95 -115
-51 -111 249
209 161 -226
10 -115 282
-41 -233 -45
-106 -247 107
-159 -247 184
192 -72 -23
202 -61 -12
288 -244 196
-70 -299 -249
-79 -243 -184
60 2 -18
242 -89 227
-77 -131 -223
-165 -204 -173
296 209 -164
-120 -145 -226
-205 -274 -235
47 -130 240
-94 -176 -73
24 -10 -289
113 -116 -87
-45 -254 286
76 -94 130
37 -253 44
230 -234 -183
-15 -106 104
275 51 255
294 223 -4
11 -213 -245
227 -46 243
241 -27 119
252 -75 -119
-70 -130 283
124 -216 43
178 134 253
72 -299 40
280 221 157
206 63 -294
277 -273 -234
164 -259 27
188 -70 -176
107 -260 55
246 -197 120
-25 -160 -191
167 52 296
292 -50 17
-67 -245 -297
33 -196 156
277 197 214
-47 -227 -82
-105 -247 -254
203 -10 216
-38 -243 82
4 -13 -22
109 -101 100
226 -256 17
291 -85 198
159 -105 26
127 112 229
276 193 -154
290 127 86
280 -157 -266
124 -77 -219
68 -253 -45
147 -126 158
150 90 287
197 -119 164
141 -153 81
86 -250 -98
140 -273 208
175 -274 -279
221 -28 -129
-72 -210 241
203 -196 -279
124 -254 289
-232 -275 8
-26 -163 -252
-41 -280 262
272 -60 -113
176 -108 -207
229 -256 -281
91 -145 -215
-88 -277 227
-82 -158 129
-14 -288 180
172 -135 -9
-125 -223 294
253 -6 -148
-109 -276 204
111 77 8
233 -268 131
142 -46 18
-119 -294 300
282 -256 110
212 -32 133
112 57 158
128 -68 58
30 -193 186
61 -70 119
280 -55 -105
207 124 -236
290 -297 -54
250 -2 108
251 168 26
178 -18 -226
211 -143 -63
248 182 243
162 -70 65
