100
-210 283 -39
-97 -206 -260
-181 -270 191
-96 -190 -145
-164 -75 32
15 -254 2
-169 242 -156
-169 37 -298
-90 51 -239
-232 -59 -188
-117 27 191
-290 141 -48
-195 -278 -136
-287 -155 -282
-63 -21 98
-105 -246 -86
-203 -195 72
-242 236 139
-100 134 -255
-273 272 -19
89 -211 -296
-64 -288 -109
-293 58 -56
-1 0 -92
-253 54 -195
-184 -267 264
-157 -268 71
17 -286 -159
-79 38 -217
-191 -140 -108
-107 -293 256
-48 -105 -223
-193 185 124
-135 -139 57
-230 -101 -111
-285 -181 -167
-261 240 140
-259 -44 -198
-269 233 -19
-139 173 -75
165 -286 74
-162 13 136
-275 51 -194
-141 112 33
-188 -247 -223
-284 -266 264
-1 -168 -7
-263 -278 159
-275 96 269
5 -3 283
-71 -111 57
-261 63 -286
-109 170 44
-132 26 -234
-43 -44 61
-56 -52 -246
-276 -42 -185
-207 -178 -26
-58 -276 192
-254 124 282
-190 227 26
39 -89 -287
-231 -273 261
-171 -230 183
-138 137 268
-298 95 94
-145 -148 -283
-191 117 -182
-165 -292 -188
-21 28 -37
-173 -138 -271
-106 -184 214
-268 -53 -121
-115 34 53
-185 -273 -216
-101 82 -134
-160 83 128
-50 -78 188
-32 -106 -30
-181 -262 290
-160 157 141
-135 -215 297
111 -233 -189
-30 -189 5
-218 23 262
54 -180 230
-143 72 -183
-240 300 -101
-218 -149 -76
-210 152 -104
78 -278 2
56 -299 278
-266 173 11
-254 8 -200
-209 -251 54
-124 15 35
-234 196 -16
-179 157 -163
-243 -169 76
74 -263 242
