5000
275 211 87
136 107 -173
221 156 -256
-192 -23 159
-215 -13 -126
-285 224 142
-163 249 34
-238 221 -134
-25 70 280
226 299 116
-286 190 -195
136 184 -215
-49 162 290
58 140 -97
8 221 -238
14 121 251
36 210 -284
181 159 119
147 235 -49
113 268 -90
227 294 78
-84 17 -248
-298 284 157
96 178 -285
61 78 293
-271 24 -222
27 200 177
217 288 249
-241 -57 -298
48 150 57
-279 13 -119
-124 45 70
15 50 -37
-136 24 -59
-146 50 278
-147 283 -98
-270 155 64
-243 26 280
40 139 -253
-148 189 -216
-94 209 -92
-226 102 -57
-176 95 -78
-226 222 -236
-253 -3 73
-241 214 -20
283 118 -161
-230 76 131
-239 156 34
-271 160 -119
73 229 -95
131 137 -225
56 90 78
-259 90 122
-268 68 -208
-121 102 -173
277 293 -170
-113 34 255
250 247 -177
-274 44 -183
287 220 103
-150 -23 125
-5 249 -38
-95 112 261
14 185 -12
-36 199 160
16 59 172
-19 16 240
-62 53 250
-269 133 68
-137 267 -93
-63 37 7
105 257 96
-163 89 -123
-269 105 98
-34 112 -2
-282 22 -45
-132 50 60
17 300 -38
-295 243 299
-111 3 -141
179 242 179
209 162 98
-185 194 -90
223 69 37
-2 129 222
14 128 49
-146 143 50
214 110 -6
-270 2 -158
-252 65 -114
123 75 254
-83 207 190
176 284 -34
38 172 -74
92 244 250
-164 290 180
-58 53 -248
229 274 -38
23 47 95
190 115 242
-257 297 -281
48 45 -88
94 194 85
58 66 34
-130 132 -135
101 161 212
52 259 -285
246 103 3
215 236 30
124 167 44
-150 217 -179
261 116 -241
37 55 199
224 187 -284
22 209 -149
184 59 -121
-119 70 -108
-215 223 197
-128 257 -76
214 65 256
148 272 -104
-157 33 -141
169 70 -300
-254 85 114
138 176 -154
0 34 -200
-114 36 155
-248 183 -119
-80 175 -156
-9 15 -205
-134 164 210
17 110 224
277 159 -114
-292 -81 189
20 140 -291
-254 158 -167
-91 52 -60
-267 53 -268
184 77 -174
34 91 -126
-46 37 -239
25 260 205
63 53 -283
-236 70 79
257 272 -231
-214 104 -288
-278 171 284
-175 39 -214
210 110 -97
261 201 -21
-246 211 -169
-146 166 10
160 204 -299
99 276 -215
-225 217 -291
246 207 -82
-77 90 294
-231 236 131
-280 11 16
-55 32 25
173 195 225
-103 224 -285
-164 43 -81
272 238 112
78 218 133
-46 23 -234
-233 270 53
23 244 111
280 134 -131
76 162 -137
-200 273 -55
-22 88 259
-145 179 124
-242 65 74
-167 47 -106
-22 174 86
-95 181 87
-215 165 -248
-68 185 99
-49 245 59
137 276 -81
188 230 267
267 289 -139
-194 97 -155
288 201 17
27 165 -275
183 211 -196
120 85 153
-170 226 -190
136 40 285
234 287 56
254 182 -9
-191 195 165
145 46 -55
-210 135 56
112 163 -166
178 176 194
-199 120 142
5 19 176
-147 129 -103
14 63 -144
235 169 -67
-221 -49 289
-297 215 271
-11 123 261
50 300 -227
-206 -23 47
-25 54 244
-228 11 145
28 41 118
-200 229 -112
-263 45 -27
-55 283 -114
161 130 -232
-263 281 59
-142 121 224
56 100 276
-102 248 7
-261 70 -1
-107 154 -196
202 66 80
-188 17 -155
272 284 -144
223 211 150
295 230 -226
-210 222 271
17 209 -177
79 76 -144
-180 -24 117
297 267 -46
-152 291 -283
244 94 55
-108 51 107
267 295 27
-84 -17 -223
104 159 300
-298 187 247
-21 275 211
38 49 -57
217 114 -148
-62 178 167
218 217 -153
-96 46 -264
288 228 93
-267 133 227
77 131 294
-296 -52 289
251 201 248
-13 25 131
-5 255 -197
-234 283 -22
-13 147 74
-178 250 -241
-282 -51 -69
-287 97 47
158 199 279
99 128 -135
161 255 138
117 206 -291
-11 288 96
195 220 -8
269 225 -23
106 222 -297
-110 208 78
-278 -1 -51
-183 109 296
-66 201 240
-283 82 -20
27 254 206
-166 25 -99
-24 123 -217
44 69 -146
25 194 -236
241 283 -19
52 37 156
-35 24 -179
167 193 128
30 273 -276
-215 22 152
134 131 81
-272 89 245
58 138 51
-188 281 10
89 169 -94
10 241 249
156 196 19
-178 122 255
195 291 195
-300 13 -66
-78 269 -179
87 33 119
-83 129 36
-143 -10 106
262 228 207
-275 97 188
-286 58 234
-175 52 -244
-87 176 -239
-293 71 81
-205 -8 170
-99 271 33
-10 249 -135
6 285 237
-68 100 -223
123 229 24
43 121 -96
175 62 -175
10 220 104
72 214 -216
46 77 -64
98 235 -54
166 291 74
213 67 -289
276 261 -28
18 108 -75
131 147 47
-50 207 222
113 188 -284
-295 138 98
152 246 -95
-236 180 -1
-191 12 67
34 82 294
151 165 202
-97 109 177
-162 256 265
91 292 -194
-286 166 -280
261 235 300
-299 45 230
35 242 -80
-210 46 -203
206 238 -69
-188 158 105
-84 283 114
298 89 -80
-200 187 195
-288 83 123
-7 183 -158
207 211 83
-142 88 217
-134 188 82
222 98 -128
18 277 -153
-36 94 -10
-44 63 -140
-175 225 178
108 200 280
-220 197 -58
164 269 226
180 222 31
-298 -46 158
-144 -18 -292
-265 -31 -107
19 100 -218
95 300 -65
3 206 170
-131 -10 256
173 73 -7
-260 -27 -234
-92 81 -272
-137 235 3
-46 225 270
-35 53 156
-74 207 295
249 247 -90
-140 120 202
-179 273 91
258 290 -47
111 111 52
-188 188 -264
-295 181 -269
-293 166 72
178 104 168
9 66 89
-210 161 -232
-175 134 -92
255 234 132
-242 216 180
-276 2 248
2 251 -215
-295 182 144
-103 119 -98
-45 290 243
-58 233 -169
-142 97 -138
-241 39 119
167 210 -157
119 89 -91
292 266 -227
-124 232 -190
-186 228 223
-28 272 160
14 221 -42
-185 124 43
-248 40 -57
-292 -31 220
242 114 146
-271 274 208
-26 193 -133
-284 212 -53
-141 106 -115
213 240 184
-236 61 159
-13 128 -277
-264 233 49
-44 146 -9
-149 140 -58
-191 15 140
-94 139 139
-60 290 217
-250 162 -227
153 108 -239
-25 25 -113
103 294 -105
264 220 65
294 224 -94
192 201 -132
-195 179 -274
-197 289 -198
203 112 -206
221 90 -193
-266 86 -135
53 154 -75
-271 -22 -34
-186 258 0
-16 151 -203
77 69 -78
-12 3 10
-157 149 -173
126 58 85
42 182 -97
299 94 143
266 183 -263
-241 -28 164
-225 23 -177
-151 34 -197
81 187 -188
58 99 157
8 239 7
-200 -29 297
-109 14 9
-270 -57 108
85 168 227
165 53 -199
-11 25 -70
13 123 72
-292 48 -176
222 266 149
-227 221 -167
51 207 272
-228 108 -160
-103 237 135
265 192 -288
104 104 -98
-274 254 284
100 270 212
289 130 -263
-293 204 254
-10 14 -53
104 218 -236
191 236 233
-86 107 -31
215 88 -92
-72 74 40
167 175 130
-82 281 144
82 296 270
-236 127 -226
274 124 120
29 295 62
-23 186 -277
153 135 125
47 261 184
59 184 -82
251 235 -147
-216 33 142
-102 248 -49
-220 239 58
-80 116 103
155 283 -48
265 290 -25
37 245 32
91 95 152
-101 50 12
-147 99 -167
4 203 222
-183 166 148
111 272 75
-130 76 136
-273 118 -102
278 284 -139
259 224 137
-218 78 41
10 267 215
216 175 167
-96 184 -133
-203 -54 -105
87 278 -137
39 138 -6
44 100 -199
146 260 92
-47 66 -162
-255 247 -46
-149 186 55
-72 100 10
-241 78 22
-6 248 166
199 184 42
-33 129 160
115 234 178
226 235 -169
-260 244 -152
-81 87 185
-127 3 -214
-117 251 -156
-3 208 -91
277 152 -292
142 194 -207
-257 137 128
-284 5 91
-210 -58 -24
-284 83 33
-60 226 -128
165 86 63
-292 106 145
-107 -27 -120
-45 126 29
-289 153 230
-224 122 -111
-140 4 25
2 202 67
-113 208 188
170 94 -57
280 248 -5
152 230 278
102 131 -108
-185 -4 -30
-120 220 168
-33 57 -146
-103 48 -122
197 238 138
-168 178 -275
-192 162 298
147 110 75
-247 139 5
-41 235 -285
-261 12 -160
-289 49 251
192 160 -175
-78 120 -107
127 204 167
-251 106 230
125 228 -178
-184 94 106
263 109 135
121 237 -131
190 137 -273
24 283 -101
-151 66 109
-151 113 40
-49 11 -206
58 262 -114
298 206 214
-168 -10 27
87 289 -233
-184 296 40
-221 137 17
-264 85 189
180 91 183
-113 9 21
71 193 171
-157 247 80
159 174 -204
-37 173 -114
194 161 290
119 138 98
-114 9 70
66 106 24
-186 153 -31
-14 46 -58
133 130 132
-134 32 132
-291 -6 -227
250 180 298
-161 235 -246
74 178 -76
238 238 113
-238 176 -232
-215 153 -214
-78 81 -216
-104 216 16
-233 195 -71
-9 170 -184
64 73 198
-41 79 292
-142 161 -139
-204 144 -127
-120 285 -15
-86 142 158
-100 168 -283
-123 291 -167
-258 81 293
289 229 -25
-8 93 -146
-298 199 -260
-98 48 -255
114 114 228
-63 69 202
280 186 -238
-117 -16 250
-208 274 -239
-248 187 -174
-237 260 258
221 201 266
-265 91 21
-261 180 172
200 275 244
247 288 282
223 275 58
32 27 141
-81 99 -39
165 119 -172
35 297 92
-169 191 -8
-132 60 -23
252 300 -223
103 56 -255
-216 195 255
-64 224 -79
266 83 70
106 39 -124
-299 111 -173
143 187 -278
-125 237 -191
83 177 -196
48 139 10
-233 24 162
-104 250 276
17 279 18
63 113 189
-280 -22 -244
83 137 86
-287 35 -113
121 45 113
181 122 299
-217 -24 -57
-106 176 -201
-185 258 -79
-168 192 157
-203 68 246
-200 210 -201
-246 41 -133
112 153 88
-282 -28 -2
-78 256 199
170 95 -9
139 251 177
-225 229 289
96 153 224
-225 112 -244
-141 258 124
297 86 25
109 98 -171
191 105 159
-170 215 162
-210 128 191
-198 -29 -186
23 56 -41
-205 63 -8
-83 50 259
-221 45 -115
253 157 -216
177 240 -10
129 141 -288
-51 12 -290
-78 93 -229
-14 143 113
-17 228 -1
137 263 129
-51 35 111
-121 98 154
-237 19 124
-211 25 -59
-99 139 -154
271 261 248
-185 -45 103
-136 172 -32
-278 158 -151
99 209 180
106 282 -269
-72 192 -12
-251 26 202
-88 183 -8
300 269 -282
83 275 -21
-50 202 -78
259 249 291
-167 197 -35
113 148 -93
-23 173 -139
-74 292 9
-242 20 78
-54 75 252
-102 190 -121
-101 58 -126
-253 18 -164
-40 27 225
136 146 -148
129 212 -248
-167 94 288
-133 160 17
56 121 -70
-21 55 242
-105 153 34
285 254 -218
197 75 -81
-269 164 237
-147 167 124
63 154 -260
287 108 193
-193 255 -70
-197 126 -100
-242 10 228
266 264 84
-266 -34 140
-247 106 -226
-295 271 58
-138 139 -187
-191 75 -122
16 294 -157
-210 146 280
221 85 -67
255 278 286
-232 165 -156
-71 17 164
293 203 100
274 294 20
75 61 -92
-282 78 215
199 138 -67
-268 297 -115
-130 76 125
-135 100 -250
229 286 103
-51 196 70
-181 277 -280
-41 167 288
28 104 -292
-50 203 73
117 166 -47
-114 197 270
-158 268 171
-118 24 60
-104 15 183
-64 127 -58
157 287 141
-248 207 -15
-155 207 288
79 154 133
238 190 213
83 175 200
-20 72 -178
213 277 -140
-35 19 109
291 92 211
-222 208 212
-137 -21 138
43 25 180
-66 14 -22
12 152 82
110 295 28
6 41 107
-193 74 -57
216 139 -38
-152 150 -294
3 234 -159
70 109 -81
131 159 155
-251 -69 132
274 113 -282
-165 158 -134
-129 176 119
41 209 50
-148 200 172
-180 218 -16
200 109 -286
-247 -9 26
-294 76 179
-109 161 -146
41 289 -46
-188 230 -278
-69 13 156
-202 291 -60
-24 182 150
-233 121 96
102 35 -180
-242 164 284
-11 115 -251
71 273 -5
-13 26 23
290 298 297
63 128 13
-15 133 -269
-150 140 -17
77 43 274
-224 58 94
87 57 228
-98 286 -139
-153 -14 285
274 238 -131
187 236 -191
127 278 -232
-275 196 -43
35 108 -238
179 249 266
-265 163 81
266 283 -213
-75 169 -152
156 66 222
-103 121 -204
-191 -35 186
144 127 290
-69 264 -285
158 92 194
-289 19 -93
52 300 201
-2 156 158
-196 106 -101
-131 189 -73
103 51 -25
-273 124 275
-270 -7 -269
288 233 -231
227 238 -38
-277 218 -40
-212 20 -62
-256 100 -37
-124 272 257
-169 130 -70
28 288 -216
-173 58 -169
174 249 236
-52 84 -270
-89 223 -234
-241 37 -185
21 165 -200
-172 260 -34
-271 165 -162
-123 98 -127
-185 48 112
169 294 -209
131 60 115
84 135 -85
-52 250 -195
-266 174 -275
-280 252 -298
117 293 -97
239 169 280
33 276 -243
-16 244 42
155 231 206
-296 111 221
-103 38 117
-191 184 91
-239 -47 -29
-43 210 173
196 212 -276
-220 5 -97
199 215 20
107 135 221
6 104 -206
-241 297 93
-216 2 94
87 275 -136
115 44 201
213 281 279
-93 272 237
228 127 239
282 247 95
-256 28 -297
179 231 84
-206 -19 -256
-96 48 -238
131 99 -194
201 201 -76
-288 80 -228
186 139 -201
93 282 -27
-132 -10 79
-200 230 -152
-72 257 101
61 126 65
-175 0 87
-208 179 -158
-274 83 -146
-168 202 44
169 109 -16
108 267 179
225 109 -278
-208 83 227
68 173 -132
275 158 46
-193 92 -54
-246 -12 -153
-207 226 -259
-104 268 -126
-289 258 -34
-300 -80 5
-117 125 -168
0 8 -35
-253 -5 296
219 184 -199
-203 72 202
72 50 3
130 107 175
-119 214 192
-247 269 -143
85 289 148
-234 -36 -129
-113 152 102
120 215 -117
-96 10 -231
71 156 246
-270 -13 -103
-8 10 260
-26 18 69
220 233 -102
294 244 178
229 93 84
241 250 -71
-203 133 16
154 267 228
-76 -19 133
-272 -6 277
168 92 239
-214 -53 -18
-135 -3 -10
-242 256 261
-160 117 -142
2 216 -28
35 178 -87
-70 268 35
-122 285 -67
-109 294 -157
-265 94 78
-83 113 159
-269 83 63
159 266 -235
-265 197 -212
25 121 -167
-261 73 152
45 69 102
-253 -2 217
38 22 210
155 118 189
-16 127 164
-156 -42 236
-187 -6 -235
-83 138 -236
-134 288 -242
-165 277 -160
235 89 262
-122 31 -228
33 48 -237
-52 50 59
288 210 -260
-217 120 -90
33 73 -177
215 171 232
118 191 192
1 160 -117
-114 81 -101
-24 14 89
-6 179 197
-13 79 -11
-259 296 -193
232 88 76
-45 31 -128
14 228 -89
15 126 -238
102 248 193
-46 149 -95
-249 13 230
-26 148 260
-165 -3 101
-199 272 -47
20 190 -204
-147 72 -37
-152 118 -77
234 117 37
-47 208 239
-270 4 17
42 123 53
-130 217 -269
42 202 59
75 63 -33
-9 31 -35
260 162 -89
-38 -9 72
229 111 289
-279 173 120
-269 -55 263
-290 276 -171
114 47 296
-56 91 259
14 228 93
130 269 62
215 220 -110
29 258 218
145 276 95
290 175 44
190 124 167
135 284 -134
97 204 -114
295 102 259
-110 277 31
-62 27 179
-160 -13 -286
-235 125 22
-103 38 -122
36 23 101
4 68 -176
-58 61 -40
193 139 21
64 75 205
-139 215 207
-133 -13 -53
-141 277 86
-194 -37 16
-200 -40 114
216 260 252
-177 206 174
-146 280 116
-226 35 -41
192 208 -273
-192 206 277
287 200 265
-67 -17 128
97 280 -208
-34 289 163
-258 246 112
-16 54 -194
-207 60 144
271 88 285
-111 35 11
-149 194 -236
199 191 -16
73 137 178
217 86 21
-202 201 191
-181 -6 -13
-237 -49 -57
-192 -14 -173
-232 173 -179
89 149 98
88 250 -22
14 111 209
-185 208 -189
-172 128 225
58 205 -9
-294 9 239
-163 172 -208
240 217 118
258 124 -122
-108 84 -82
-202 136 -208
191 216 15
150 142 106
-284 276 168
200 225 200
114 276 240
-53 112 -106
-61 206 -106
-249 282 198
163 216 -141
-158 156 159
-224 71 129
-269 160 -251
270 92 -160
-245 270 103
16 241 -102
-176 273 -284
227 102 -258
282 295 -84
29 13 148
-215 224 240
-17 290 128
-24 194 -219
285 197 -228
-180 117 -232
-256 254 -277
-89 39 224
-222 254 22
-13 138 -1
-52 259 75
-226 201 -238
34 180 248
123 62 -277
164 273 240
181 210 194
219 297 49
-168 -6 -226
84 223 -202
-96 55 -128
234 220 -187
-161 79 -114
-223 271 260
-167 224 -245
211 165 206
90 195 272
-229 43 -64
13 168 259
-217 218 291
-99 -21 -275
-242 215 -182
-79 77 257
-121 4 244
-156 89 276
21 37 275
-107 211 -197
-87 184 199
-151 196 174
169 231 -204
149 110 -57
20 112 220
230 217 104
-197 98 62
-283 66 -97
-43 221 32
188 118 173
255 106 -237
258 263 128
-298 87 93
-81 178 278
265 291 -191
243 191 -296
-76 37 -244
92 51 80
-51 -6 -157
273 168 282
-62 83 271
37 229 -110
275 269 137
-7 228 278
138 136 -10
-15 67 79
-206 244 234
226 169 277
-298 178 218
25 165 -245
-71 99 40
-171 269 27
-232 20 -177
-264 140 8
290 253 -300
-93 266 169
91 164 -115
128 104 250
-275 -61 -73
-53 232 -262
-194 252 218
-8 179 -20
-218 37 -59
149 205 -194
175 208 229
-281 35 155
20 261 -30
-13 98 263
-62 60 -74
51 45 -112
279 233 -200
250 88 -87
-200 -19 -183
283 116 -110
-66 21 37
237 168 273
107 251 -254
-109 142 285
-218 81 262
73 266 246
-39 40 -153
-267 -21 -173
-121 163 30
-239 129 -101
-30 70 -5
-75 111 144
36 253 250
-40 285 -239
-97 101 -3
132 114 -60
86 108 113
186 296 -107
107 105 -204
-260 77 230
-71 172 -93
-209 289 163
134 44 140
-217 146 24
-140 232 -93
244 273 25
142 275 -182
-82 288 -103
59 179 -46
297 129 291
275 230 80
25 255 -274
-52 163 241
-176 233 20
252 216 -148
184 205 241
-28 197 -273
88 277 -30
-184 169 -158
-90 38 253
74 32 -263
31 105 -251
176 73 -60
9 250 156
-32 95 -117
217 273 200
-164 20 281
248 270 8
-267 42 202
-180 224 267
-293 -16 55
-176 163 -149
-204 -30 -267
290 277 -221
-74 16 -140
-63 232 -219
-170 256 -275
167 109 112
40 150 33
-22 53 -30
-87 267 -242
-17 -1 57
-289 166 113
119 252 178
88 45 -34
138 202 -264
84 150 276
179 293 141
-230 29 193
-157 72 -55
-191 234 -135
-142 95 -9
-182 218 91
206 119 113
270 192 73
-54 148 -126
-233 113 -113
-48 27 156
148 250 108
-193 167 -21
-259 104 66
-136 49 -25
207 158 88
-269 13 -42
-133 104 -105
168 121 -296
4 264 -67
151 97 141
237 256 256
-285 -26 -27
269 144 -70
-285 102 -240
236 140 224
-259 244 -19
134 205 287
-136 193 15
95 295 -273
57 34 187
65 154 -106
-295 237 86
-253 238 119
-159 -30 239
-11 74 -178
142 109 -121
85 59 9
-148 22 112
-75 62 129
-217 36 -232
68 145 18
-51 130 217
258 111 76
-262 -15 -220
-190 157 -163
-189 -2 -290
-43 11 -222
137 272 -216
103 177 157
-87 9 243
291 212 47
87 189 -37
276 231 218
-231 283 -82
-72 13 -5
172 83 126
-245 244 -41
-263 109 -38
283 256 189
157 247 -143
-6 7 -105
-256 153 292
-25 157 -84
-57 10 -267
-176 125 28
-110 -9 -161
-249 143 48
107 228 -162
204 291 81
-263 135 19
10 241 -47
-95 29 -247
282 96 -77
37 246 -44
-144 53 214
98 256 -105
6 158 281
-160 -17 100
148 134 283
-155 141 -191
-6 126 -158
-25 223 148
-161 133 -204
40 168 -225
-267 34 -47
-258 215 62
63 212 -82
130 60 292
149 138 -166
-213 16 -207
-57 108 -269
200 115 204
176 236 -175
199 122 -118
-47 97 172
-236 173 -161
-199 69 80
77 295 107
236 103 83
-99 216 35
36 179 167
-231 4 -87
275 172 -13
-21 164 -219
-3 58 122
209 190 54
-249 163 206
-145 170 59
3 8 -108
174 122 212
293 106 -233
-142 273 -223
-190 143 178
-16 181 29
76 180 203
-293 23 273
-127 48 -114
33 174 128
-96 133 -142
-88 252 27
-31 -2 -21
144 140 103
-170 17 134
161 240 120
81 25 -280
274 208 279
160 140 300
-27 90 286
184 124 211
-4 93 -87
175 212 -58
250 111 166
-20 270 -62
-263 122 -84
3 118 -130
-41 261 263
-182 80 228
106 198 -135
187 105 -85
-133 274 -170
81 244 138
-202 25 -83
289 135 263
-244 -36 -246
-102 127 -193
-150 243 92
-42 138 192
-48 101 245
39 35 -23
150 58 -162
81 42 224
-51 127 -251
-228 117 -68
-3 234 -279
-2 281 -162
187 221 -146
206 176 81
-250 238 -245
-254 165 -37
135 160 216
-177 251 -74
-75 -10 -45
119 175 89
171 294 -192
223 194 -128
298 270 -29
79 50 76
174 117 -176
-213 150 280
-167 -25 162
1 265 -18
133 84 45
-53 110 -205
209 199 -205
82 135 190
205 212 53
-2 202 290
180 150 -85
161 166 101
146 133 222
103 134 -281
-271 139 85
-268 177 -60
53 166 259
143 292 -106
-178 171 144
-113 178 -130
133 292 49
-156 35 -98
-132 31 96
-262 193 209
-3 228 91
282 253 -237
53 95 -126
291 248 -57
59 219 -204
250 288 -273
-120 -2 231
-79 197 199
73 99 -294
-176 -34 -289
-243 212 97
-299 -62 227
53 131 -213
-7 165 -162
221 76 -63
-224 82 158
-81 234 61
-122 209 -181
-252 18 -69
-136 145 192
-261 282 145
-218 -60 -65
90 289 -233
-102 151 -44
69 124 -218
285 267 -218
-70 38 4
141 108 166
-187 61 74
4 266 -185
-79 131 -47
-186 193 103
-91 213 -69
-191 -46 99
167 70 -105
-158 208 167
-261 104 51
222 170 -21
101 170 -210
-21 61 77
293 194 -130
-297 62 -145
155 275 197
-94 33 155
236 262 -153
44 135 -106
68 110 -224
-39 55 -151
71 31 -9
233 183 272
-46 150 -155
195 131 -188
-257 88 44
109 219 -14
29 44 -199
90 281 -107
141 73 -174
15 293 207
1 157 98
-77 107 -223
-257 292 208
-6 181 -70
-147 231 76
-144 87 167
-257 137 75
-44 162 288
164 157 -60
-34 298 269
-271 -64 -254
226 242 -144
-210 56 92
-295 216 -88
-156 75 187
-96 53 -43
236 215 9
-215 -55 -22
276 179 208
-178 255 127
-81 90 -110
12 169 16
20 290 -45
175 218 -16
-117 200 11
141 115 279
10 82 -175
162 258 -78
-168 167 -72
-132 2 47
141 71 45
35 289 -87
45 15 83
180 258 279
-182 150 -128
-87 268 -296
-195 51 295
-82 77 -200
219 75 -154
285 152 121
-33 40 251
119 167 263
138 143 -259
161 108 -296
176 79 41
-94 155 194
-19 260 -179
-193 132 -260
24 162 -54
12 203 287
13 279 207
-24 127 288
75 86 -38
-64 75 300
58 179 287
-279 37 -15
-239 212 -257
-146 230 -33
227 190 -113
88 244 232
-161 2 183
288 118 -254
230 118 -297
6 175 163
-78 230 41
-168 295 13
204 220 86
33 223 -143
122 65 -242
-249 35 160
-238 140 115
201 189 -207
-66 254 58
-162 221 152
-183 -25 -136
-299 -87 255
133 275 -22
-119 210 -184
120 60 -257
-192 96 -89
-190 260 -20
31 84 -90
173 147 43
68 219 -83
-168 -29 -144
187 123 243
-116 -20 -174
1 162 79
57 20 254
119 243 235
81 52 -47
-213 102 -179
-24 7 224
209 184 187
-291 -23 -233
-253 200 -221
-289 -13 132
251 178 221
-190 164 -119
-222 153 259
-215 -57 160
-49 122 110
-80 6 -288
17 124 227
296 126 -2
29 40 280
-148 286 218
-214 -31 -80
30 249 225
196 206 -41
-237 -32 -36
21 52 227
-7 54 -11
26 299 23
107 152 -12
-117 219 263
232 183 35
7 272 -157
-96 51 103
60 206 -205
81 271 38
-222 -33 -222
65 169 -165
216 174 173
-246 185 6
-208 138 268
181 155 -144
7 108 -257
-171 292 141
-226 207 -22
-131 28 -229
-109 160 36
-120 97 227
-161 126 230
2 41 168
-95 206 169
-190 -54 -140
-11 101 -105
-120 60 -268
-58 84 208
265 173 190
-48 68 5
154 94 -88
159 143 -27
143 240 158
-134 276 -212
270 158 125
-55 266 -83
134 94 -192
270 191 33
-133 221 131
148 110 12
261 169 -124
-111 -3 58
44 170 250
-109 58 177
-232 182 51
-226 255 -288
-165 181 272
278 150 -226
-170 99 -76
-92 79 -209
-256 100 -174
-32 8 34
-72 155 138
189 109 22
97 262 153
119 267 285
43 79 70
-255 -1 -212
-185 229 39
-42 300 143
46 255 51
78 146 -126
233 155 132
93 43 30
-275 207 -30
106 64 58
166 211 -63
-277 255 197
-167 227 -55
203 221 -53
237 137 193
-249 -14 -160
-232 -54 229
107 48 -76
-130 89 178
68 210 -100
-279 272 -70
55 120 4
142 188 37
-102 140 -158
-14 193 198
-179 59 2
-107 252 -112
-99 211 142
50 271 -176
-240 227 297
78 189 -33
-42 79 -289
-83 95 -109
-80 103 -297
-182 -30 -175
16 245 86
-124 174 -230
90 190 -193
39 241 288
275 198 -257
-106 187 -286
-292 239 124
235 258 -228
32 105 76
36 201 228
-204 123 -175
226 186 138
-97 52 -134
-62 265 -74
-6 112 -76
-290 82 244
-237 140 -164
-37 119 -57
-167 -30 -79
-102 27 158
-194 52 101
-187 167 70
-79 -12 -206
-81 129 105
-222 20 287
89 230 -219
-8 230 -282
109 129 -159
-75 39 290
121 268 86
-233 146 -37
-55 -11 231
-59 267 126
32 267 -103
-264 268 231
-170 225 -24
46 28 16
-21 104 143
166 273 195
-51 246 -39
-59 5 232
-262 133 192
237 130 -56
258 273 -50
133 295 -40
-297 101 287
216 68 221
-163 254 -196
256 94 -226
-221 244 94
-275 292 -149
-271 239 162
-120 266 223
-287 282 -122
-243 230 -153
-248 172 75
153 267 -240
-90 185 72
-63 136 164
-94 98 103
80 88 239
-171 90 112
291 296 154
242 288 296
-84 130 216
153 89 197
-91 35 -181
-81 98 -42
-175 8 86
232 152 -72
-14 79 -91
-112 235 -82
-223 52 -192
246 147 -111
82 38 53
2 300 -206
-122 107 216
144 219 -29
154 109 31
-281 -23 282
-273 111 163
118 85 285
-132 1 107
37 65 -153
60 159 -194
-232 -6 -175
162 246 237
-293 -5 170
-140 7 -91
-213 121 232
246 292 -36
-246 290 51
-235 190 38
-222 -31 -286
-24 26 -146
247 186 146
-290 14 295
-27 76 -185
-248 76 248
-241 3 104
-144 57 -40
-251 27 -290
114 219 -185
-46 29 223
-132 95 79
259 246 -184
-134 202 102
-141 290 -14
-173 205 -16
-157 89 -272
-160 106 -108
-143 202 31
118 216 -225
-18 276 65
-179 166 -218
3 73 -65
4 285 47
67 49 -49
-58 240 288
-106 89 271
91 218 -14
-269 -53 131
-251 46 -155
-260 297 271
181 153 -16
-61 111 194
-55 28 -39
-250 185 -188
-89 134 72
-123 197 -237
-193 231 282
-84 244 -100
-36 94 298
270 179 97
-286 99 99
-253 -6 -218
-63 59 133
-146 210 82
-114 124 164
-4 252 -197
-191 19 -206
-120 134 144
-117 202 -243
298 228 -271
61 207 295
-250 26 -110
-164 191 148
-181 255 149
-196 118 -185
-69 197 -243
287 281 -2
-31 158 255
-99 54 -115
-220 273 -169
70 31 -291
141 250 -38
-61 215 -295
-300 260 -195
-247 60 -279
-142 186 -84
-115 22 204
117 112 -28
-205 68 248
-155 139 -164
234 209 184
-186 181 -130
295 171 -147
195 299 19
141 280 -285
79 40 -36
101 121 198
205 70 288
-287 172 55
-262 177 10
-253 145 -18
-141 -31 -258
65 75 -167
183 248 131
208 116 192
-13 145 -61
-95 198 -287
-65 204 36
79 92 -157
-273 12 -38
108 291 31
-243 -16 232
-156 39 250
217 188 201
214 217 23
-165 72 230
-56 181 -49
34 256 238
-153 -19 148
-232 297 -137
-138 81 -181
235 90 248
-96 282 -271
-255 34 -297
75 175 -83
9 123 126
-201 -35 -255
-210 -27 166
-125 168 79
-277 107 -107
-205 267 -59
3 293 148
253 170 212
-57 48 38
-245 -45 266
-211 288 -87
246 253 -97
25 85 145
-100 -11 237
154 267 -292
-283 175 -194
-167 182 -141
-173 210 -99
196 87 -281
-296 172 -266
280 151 -97
184 298 -222
97 283 141
-3 19 98
204 241 103
24 28 -143
69 178 256
13 107 -76
216 189 141
-230 8 181
-100 54 -36
36 62 -170
-88 93 192
116 96 65
281 165 166
-35 219 280
24 296 257
-47 2 56
-42 57 -123
227 75 155
-234 0 128
-300 69 179
100 208 27
10 214 -298
299 146 211
201 99 298
-100 262 -81
179 201 -260
-191 174 -2
166 283 -215
-209 -34 62
-255 215 39
-204 7 -106
-2 138 -153
-261 109 107
154 94 53
2 211 -250
160 292 68
-259 205 -55
146 229 151
-14 76 -99
262 268 263
197 116 124
-169 89 52
-157 91 -156
-225 164 -299
208 270 -149
35 177 182
-176 229 52
-21 250 178
-9 155 165
-264 61 -85
116 299 -186
30 288 -58
210 184 -61
-236 43 200
146 78 -180
-71 246 18
183 78 83
210 112 218
178 160 -131
-92 247 297
237 131 105
-115 38 -67
203 137 144
-104 65 -31
-151 -4 -191
-298 49 72
-193 192 7
-129 -9 105
136 125 -64
-36 9 -43
8 109 12
-168 -11 116
140 159 275
15 237 -200
270 142 49
-71 126 -244
-4 180 -126
-228 172 140
-184 -23 -4
27 193 255
274 174 10
-194 243 290
-159 -30 -250
-233 11 170
-36 88 -294
-283 95 -45
-215 41 166
-212 -26 -191
235 195 10
285 193 73
-132 206 195
-29 172 132
-46 177 -62
-205 147 139
-8 3 -144
-129 212 56
-13 147 -275
110 221 -242
-283 292 -117
266 158 111
149 292 -181
136 43 -190
-171 281 -267
-249 104 -208
-13 170 -263
-73 34 -156
61 47 135
64 267 -257
-262 251 259
-125 46 -51
136 182 59
187 162 -186
-165 27 -96
-44 230 -83
12 155 0
173 55 68
-168 181 -183
-295 4 58
-247 195 -126
178 82 205
84 266 -41
81 183 -2
-115 294 -269
189 196 2
-141 117 -1
-197 162 126
-166 175 34
-86 256 -117
29 270 283
-171 169 -295
-195 82 -140
-29 36 -139
-296 283 -30
190 83 -4
-162 39 -54
54 93 294
32 152 40
-220 177 266
-211 -45 143
-292 -83 276
277 233 -112
-153 239 287
-290 184 200
231 217 20
-9 25 9
-203 205 -131
45 97 -122
88 240 -169
267 238 84
120 140 111
-282 115 85
-177 -49 35
-112 82 294
-105 249 266
248 199 281
-228 296 101
44 172 -212
237 158 -154
121 219 -111
134 146 -293
163 95 -57
88 60 -130
-222 6 -120
255 146 129
22 267 157
129 141 99
237 94 140
233 269 149
-246 293 217
-197 39 -115
-152 171 -149
-185 163 179
-297 258 51
-65 16 -283
-115 -23 -154
166 63 107
-289 45 213
-208 84 -115
33 158 285
-167 46 185
-264 89 254
232 276 -224
44 119 191
-197 45 -89
190 238 58
138 231 39
273 257 -51
-197 227 -61
-245 23 245
-118 129 -47
-299 72 -185
118 211 -271
14 278 -262
241 202 -100
-12 18 -146
63 286 252
-126 76 287
-96 149 -196
-47 9 146
77 25 230
44 291 64
64 271 -50
119 118 -225
120 179 -94
-139 91 -178
-185 25 293
-173 225 -151
-159 219 174
51 126 158
-236 -45 -136
-273 183 -162
23 95 -293
27 199 -221
210 92 164
116 99 173
-115 100 186
-244 127 -4
263 195 288
14 215 -128
-99 285 -203
189 228 212
-261 36 -277
121 159 275
138 132 -86
-11 203 -171
163 263 270
-284 68 -202
-8 192 199
165 74 -76
184 185 56
-164 288 -239
-114 289 -113
-256 6 -276
-142 126 -170
175 52 213
-286 258 -286
47 102 -200
-32 268 155
218 96 -112
151 104 -139
-241 164 220
-184 -8 219
-77 146 112
185 88 205
-87 119 67
74 224 -215
-16 150 279
-202 245 7
72 151 229
100 257 -111
-36 169 95
-290 -29 -123
268 205 293
243 141 -79
57 41 -242
-60 1 80
29 31 197
161 260 -122
84 201 -151
-84 244 126
-149 197 -26
-258 89 -57
240 294 -228
-262 276 -267
203 207 -126
31 190 -210
-141 155 79
95 245 -147
70 27 89
222 253 -206
-55 163 185
229 205 -166
154 65 287
-297 81 7
215 179 -251
-242 99 69
-183 169 66
-202 295 299
-297 5 -277
102 153 104
66 22 96
-195 93 164
166 229 -106
-20 164 59
-178 30 23
41 54 266
-266 157 -228
-198 247 219
60 295 -108
-103 27 -94
-230 247 -259
101 220 34
-265 94 235
-214 42 157
-129 67 106
113 270 295
-135 268 166
-248 107 -142
-44 169 160
-204 228 -112
182 148 223
44 73 156
48 74 -212
95 138 106
-37 159 32
192 64 -195
62 81 234
-142 201 148
84 286 235
158 266 117
-138 240 -231
24 131 -44
-299 -44 160
-186 214 -188
19 181 196
-129 197 -255
-25 186 -157
283 90 -75
-173 250 225
291 280 -118
-96 149 -262
148 269 -193
116 101 288
-168 10 -164
148 43 251
72 202 88
-298 -74 -245
-95 122 93
-67 166 -249
-82 231 -149
-287 -31 -111
32 180 -65
-242 -22 -8
149 78 12
44 228 -273
-232 -55 -289
-288 204 -199
-136 36 -296
47 248 112
121 243 272
-241 225 109
-46 47 252
152 122 -107
226 140 251
-82 14 -90
156 74 -233
-175 69 -234
-59 0 134
-233 -45 -285
42 296 286
162 64 2
-56 214 -209
268 219 -140
-117 168 -264
273 129 212
-213 106 -126
38 176 -79
-272 -12 157
200 76 99
-163 -1 -211
-93 44 -80
-115 18 270
-270 -7 14
-58 172 -192
-298 164 142
32 136 -27
-75 210 192
64 51 129
54 80 -132
-255 109 -33
-143 285 110
-40 288 -232
-118 165 226
-204 266 103
-233 -3 2
-209 240 182
-279 149 -265
14 261 -112
-153 111 212
249 129 165
-210 251 -52
61 231 -2
-169 86 -248
-209 112 66
118 115 213
-76 199 -212
-160 88 -47
-166 -48 205
-10 214 82
-53 27 171
-59 100 173
-97 135 88
-178 -38 -203
-90 62 138
20 244 198
16 184 -148
-147 123 -180
67 262 169
-260 91 -86
194 195 -189
-105 113 142
-252 -7 103
91 130 -77
47 205 70
-62 194 -136
121 148 295
-250 277 211
-212 288 114
2 72 113
-132 253 183
158 67 45
-132 22 -118
-287 164 245
-247 6 -17
117 288 -98
250 77 -103
125 163 -256
-223 135 -165
40 227 -265
-103 133 161
-151 154 105
-69 194 256
-83 270 277
-139 61 209
-288 126 -2
142 261 -287
79 286 109
-54 260 -179
163 300 -15
-172 187 -257
-168 153 165
-181 -8 101
-172 -20 58
-195 102 89
-266 258 130
-271 -18 -89
221 213 262
-118 121 -8
-227 276 136
-197 -43 -56
-97 68 15
102 296 237
80 224 -51
-97 21 -68
-39 252 -44
-144 164 85
276 155 30
-292 161 -289
178 265 184
300 252 142
253 214 78
-151 256 149
22 223 228
169 211 74
-116 134 177
169 277 -54
-153 236 28
-170 212 151
-139 46 65
279 252 -210
-291 59 84
-2 161 -95
11 295 228
-138 75 -73
-72 133 -83
299 195 41
137 182 87
-27 251 -29
-124 260 176
-174 64 -187
209 284 103
-132 174 162
-54 221 -229
147 121 250
-177 140 176
-36 228 211
275 157 -36
124 67 -235
-267 259 226
-186 6 -252
-65 129 197
-119 6 172
-111 108 -55
191 188 -208
213 170 98
66 134 -66
82 185 214
-49 119 91
-3 40 -289
-71 186 -93
-45 66 144
178 257 115
164 203 201
-294 167 52
-244 219 172
37 73 282
137 274 -40
-70 253 -59
216 277 -251
-117 72 231
206 227 -248
275 217 38
-185 -47 -298
47 91 85
23 297 195
-260 79 -68
-146 109 -100
198 163 182
-197 220 -118
-81 212 125
65 109 -9
-285 15 101
10 225 -136
-41 134 -173
-72 60 -135
68 179 128
46 169 93
102 118 -230
209 143 -154
19 283 -156
-298 207 265
159 116 166
199 157 108
-90 129 -155
63 216 -41
-138 251 -109
-236 224 40
-16 240 22
-77 105 283
-67 -16 -248
-33 20 253
-142 252 157
-176 110 -132
23 278 -40
22 34 -110
187 227 -159
-255 295 -78
-121 190 -105
20 129 35
285 204 10
-82 143 -171
-257 46 90
-106 274 -49
21 205 208
-276 19 -100
-254 146 -283
187 229 289
-255 -69 -233
-121 171 -39
139 134 1
-166 184 -242
-61 127 105
-202 216 251
149 296 -101
-244 103 169
233 209 191
-201 116 -163
113 203 238
130 85 -83
-152 -35 123
83 278 168
120 165 294
275 173 -257
162 140 -122
90 68 -119
241 104 117
-136 45 222
-210 254 -255
150 59 171
-125 195 35
-247 9 -44
-168 49 -26
-137 164 -101
-227 -61 -296
-110 228 -152
276 243 247
15 281 -233
196 67 294
-188 -12 257
298 264 -241
186 285 107
-219 -20 -62
-203 212 -115
293 299 -245
55 257 100
212 214 -247
134 240 225
125 225 161
-221 251 -160
-277 285 15
29 202 72
-248 286 84
-78 8 209
-151 89 -170
-85 240 -295
129 194 -277
-149 107 10
-286 130 -205
-205 53 170
-232 90 118
-18 23 86
37 260 153
-1 88 -148
264 164 -42
-240 83 223
-71 183 -190
167 192 33
-202 54 252
-300 210 -245
-3 14 -246
-255 102 129
82 264 -271
-262 5 -87
-283 285 57
-108 212 -177
77 38 -60
-175 248 156
-141 226 191
193 68 -206
18 51 -147
120 62 -143
-219 -52 136
-93 65 2
-84 19 -195
183 272 38
-289 -35 -284
-132 -18 289
157 245 -200
229 211 111
83 145 262
-169 92 -121
-151 146 258
43 275 -123
89 207 -281
-24 103 74
29 15 86
15 156 13
6 101 186
-92 258 26
-284 42 146
70 181 -208
288 101 292
35 156 102
168 62 -284
187 75 -154
270 173 165
-128 180 21
-209 -2 -290
118 104 -45
-252 -38 -4
25 167 -273
207 196 -132
164 137 -13
-104 212 260
143 96 23
161 63 274
-223 58 -234
-131 134 157
-89 94 -114
-285 51 166
221 76 -165
-39 -4 -4
-200 262 34
-177 294 110
87 217 221
-146 154 -192
138 215 60
-73 -11 -126
-258 54 294
-38 118 48
-207 193 -286
70 154 50
113 218 237
27 142 123
227 121 -45
-138 282 266
36 149 -199
-180 104 -183
39 287 -89
69 44 -230
-25 175 81
-274 265 -282
21 169 -241
19 254 -163
-252 79 146
186 202 158
-9 249 197
-3 69 130
-110 124 81
142 128 130
294 229 157
130 270 32
-264 -44 291
-298 -9 228
69 261 3
-250 91 -86
-46 120 -210
-248 48 216
-251 171 17
191 250 220
268 286 -217
-195 6 -261
-290 -67 157
-100 59 -96
60 18 82
-168 204 266
-267 -43 135
-284 159 -139
-92 287 -243
122 126 136
278 204 -298
96 105 200
218 187 -90
226 171 -146
-264 246 -25
171 126 -75
137 294 -221
-82 71 54
80 80 242
-32 175 -154
135 98 296
269 218 -4
30 257 100
80 221 -247
137 98 -178
61 254 282
-98 203 -101
-28 234 -272
136 94 -139
-39 97 90
268 265 -236
-71 268 71
-51 44 54
-183 183 136
-131 131 89
-97 174 -257
-199 135 -31
228 195 -174
-67 44 284
241 141 -20
-55 81 -289
3 115 -259
192 167 169
127 222 80
-63 147 -207
-110 206 -74
9 295 226
207 264 -182
143 136 -299
-245 95 -285
-255 161 -161
-178 109 134
-102 95 -50
65 192 165
282 98 149
-241 269 -17
-79 68 -238
35 235 -260
134 112 -225
166 259 0
183 150 184
26 218 63
-239 -9 262
-295 155 95
-276 82 244
-277 120 114
-10 202 -158
-146 129 -195
170 264 91
-36 137 -195
-97 184 261
-297 32 -297
92 55 215
-56 144 -126
146 272 -270
-254 51 -248
255 264 233
55 273 -225
-121 261 -208
45 298 56
-73 70 -93
208 193 166
25 135 -72
281 236 -273
248 256 20
20 220 -219
-185 71 -253
-114 -17 -36
62 113 144
-182 90 130
-78 265 175
72 131 -10
25 289 -76
-72 166 171
246 254 -163
-151 189 -224
-255 6 110
46 29 100
13 10 -300
157 197 38
166 103 111
-268 -43 225
111 294 -254
135 192 -245
-283 -79 236
139 277 -98
228 228 -126
164 228 -24
18 207 -126
-91 277 147
-293 263 -229
-95 44 -85
82 190 -89
-32 21 199
254 163 270
216 165 -245
-255 226 174
138 48 70
23 223 277
280 171 -280
-141 154 220
-136 104 142
-189 -6 -274
259 188 -7
-248 209 -59
-145 42 -27
108 33 -242
101 247 164
75 229 -207
-84 179 -15
-119 120 29
245 200 -212
210 230 -92
1 13 263
-187 140 175
-276 51 270
-87 21 -12
-230 -4 -31
6 88 -38
251 283 22
-224 -56 263
55 76 293
205 229 208
17 11 -68
-162 239 -133
-249 -59 -73
276 265 -115
265 263 -198
-272 210 -292
-79 38 -199
112 239 61
113 118 53
-261 190 -92
-110 284 239
200 223 -293
-190 141 36
-27 261 -165
-271 241 159
-231 89 236
75 104 -250
-248 266 247
-192 255 -7
37 89 -220
50 211 -209
38 139 -298
148 133 -23
246 239 -222
229 70 -263
70 111 -282
-75 235 -213
-130 23 30
156 125 -224
-133 -33 -171
-119 44 8
226 169 231
-267 139 -193
-23 258 -177
-254 -25 12
99 58 28
-23 193 133
12 62 44
-289 232 11
-57 195 10
-184 172 83
-240 -28 -80
-12 159 -28
-13 167 261
-250 261 67
-148 220 -153
-52 74 181
-242 223 61
-43 16 -33
69 148 53
-51 97 179
-146 142 -268
-162 122 -284
-220 244 264
94 157 115
-109 8 -278
299 195 -14
222 144 -129
-223 292 -284
68 134 245
-51 42 200
145 51 50
-184 300 -150
-57 249 -82
-238 82 -61
253 280 -227
-207 132 103
291 223 133
-152 263 190
-95 83 -90
59 262 -239
71 285 -236
-217 -10 -224
-147 238 18
-79 47 204
-171 140 87
-253 -21 -189
6 105 204
-161 165 145
-260 214 -192
-6 150 190
61 51 98
-296 72 242
57 248 292
50 105 83
-299 -34 186
-154 -34 -209
-111 274 -15
66 225 -175
-136 148 295
9 28 -13
-291 180 -206
141 231 -292
-286 14 23
181 258 190
0 241 125
-141 36 -226
-163 -10 250
93 28 -72
1 251 -73
121 151 259
-279 254 140
-175 184 35
31 70 68
184 221 159
-170 -11 -83
-101 291 0
80 296 -283
-15 82 -88
-127 242 -227
109 115 13
-186 76 -157
243 122 25
-272 -48 156
-183 185 120
-267 252 -10
-228 182 -236
-22 5 267
-119 141 -264
-288 105 198
-290 249 -2
106 278 -129
49 182 -95
104 157 61
-196 -33 -135
-287 -2 43
6 196 -265
115 279 19
0 182 -12
260 217 -76
-207 151 117
104 239 243
84 80 -60
-143 229 142
-3 258 99
21 243 -83
-168 228 75
115 228 -77
-298 38 -67
-41 -6 -72
-98 72 -290
-202 260 165
-220 166 120
-186 221 86
-147 22 50
-290 150 -242
-16 123 104
-28 59 -273
-282 146 199
-35 183 -217
-235 -67 97
13 209 144
-291 -47 -76
-203 123 -22
48 78 73
263 179 89
-116 217 7
-208 116 -273
-216 67 59
54 248 -177
-128 229 232
103 34 75
19 12 -85
-3 107 -196
69 71 82
50 113 90
-22 116 98
57 61 -284
-88 -4 225
-111 213 109
121 221 -121
117 222 -222
130 152 -81
270 108 -264
-215 -24 -56
130 84 -139
260 125 -64
-123 165 -105
-238 117 0
233 166 -159
-183 -17 5
-140 4 179
-168 279 197
100 285 191
-278 215 -258
-233 164 258
-148 78 -11
-216 32 -117
196 144 -6
-85 252 58
261 201 152
-296 216 81
-162 -6 -2
-86 10 -220
-176 -25 237
-242 241 170
-50 250 260
224 152 202
193 184 253
161 77 214
109 284 164
288 215 86
130 135 249
154 214 140
-288 144 150
-13 33 143
260 96 19
129 103 -258
-295 133 -277
98 282 -282
-215 231 51
-134 283 9
118 126 -155
-205 104 186
-162 209 -206
165 223 -96
97 164 85
-267 3 239
-119 184 243
-141 52 -169
-161 74 155
-175 67 27
-206 162 161
-294 271 -143
-122 48 216
139 208 -204
-108 62 -296
-76 221 -224
177 144 264
-113 208 -123
19 140 -51
90 266 -288
157 202 -140
77 277 30
-70 -8 297
-20 292 77
196 113 -65
-115 34 22
112 217 -38
59 265 244
271 218 145
-241 264 292
278 155 195
-59 169 -251
-120 235 -296
-101 28 110
-20 -1 86
-105 63 -1
200 187 -173
116 285 52
-277 -10 -196
-283 242 270
28 270 120
-293 191 -201
-148 225 -115
-134 185 -245
-172 17 233
282 285 62
-3 123 153
-242 248 158
17 149 -150
27 77 152
287 288 -185
174 239 -181
286 133 -262
-39 175 -136
135 166 131
-80 67 137
-3 154 -259
94 233 237
-39 144 -59
-260 46 54
-77 149 78
-52 51 -33
-76 29 107
-53 55 -78
-141 79 -212
-294 104 10
79 184 -112
161 251 -151
-78 -4 54
-34 74 -250
136 139 -86
-285 116 71
91 31 53
119 244 214
-199 -24 -188
14 129 -221
188 84 -23
-194 138 90
-244 236 -16
281 82 27
-229 108 95
-254 66 -148
122 297 -271
-101 83 -289
-106 105 69
288 159 -157
-2 181 -106
-237 24 -86
-282 230 -34
249 149 -192
-238 158 0
-49 14 -235
-248 120 33
145 167 282
18 120 -198
-253 -65 51
-263 172 -71
-111 200 -108
80 198 279
77 136 171
-114 193 261
252 88 -177
266 131 -32
-35 75 162
29 52 -227
-160 139 132
-117 -21 111
209 90 -283
182 280 50
126 251 -248
-134 88 -289
121 206 4
83 254 74
140 73 -228
-161 258 -258
-108 15 70
272 208 145
-230 -57 -170
93 200 79
-62 147 -292
-106 22 224
-255 -41 -6
48 153 57
248 279 107
-84 98 -11
-12 207 -126
211 234 162
-76 294 238
-181 285 -52
-197 248 92
88 288 -44
-147 7 140
-26 79 91
-292 -70 -27
102 36 -244
209 133 237
-71 181 -213
-236 179 -268
-180 262 15
-51 -14 70
-124 -24 -86
-157 82 13
-211 300 136
-275 55 -248
-201 47 220
-233 160 232
68 220 289
-279 -29 -29
-114 67 173
17 46 -255
119 101 -241
-69 123 250
-95 -13 -287
-144 233 281
184 220 235
-278 198 -108
274 249 -195
-256 -35 279
-112 252 92
-130 125 176
9 41 299
-175 -28 224
48 297 157
296 132 70
110 147 -178
-260 217 -151
-232 283 -93
-242 177 282
-118 92 -114
-27 83 -118
179 285 181
-195 108 -88
-64 72 -241
-149 221 -294
-233 234 40
36 278 143
-233 168 -107
138 168 -31
-120 55 102
-217 128 64
21 187 -212
222 272 -15
-61 230 -141
-195 -22 -144
133 169 92
-275 207 229
-233 6 -269
115 84 -201
-239 244 -250
41 261 -171
-126 127 -244
13 39 -104
-207 201 103
185 162 79
-46 271 -279
-27 229 -159
-297 -74 0
222 149 66
50 275 -233
-88 11 -105
15 73 -177
-211 168 -231
-108 178 275
213 269 -182
48 223 6
-156 127 136
169 52 -1
-270 16 228
-129 -4 252
72 126 175
-193 205 -150
187 113 -52
-229 135 -271
254 232 -167
-153 89 -251
-8 133 -217
193 287 -160
-240 -49 -224
3 218 -48
-192 104 219
115 112 82
-60 164 -231
-97 5 2
163 116 -171
114 224 -202
21 115 54
-299 275 3
-149 98 -107
161 77 41
18 12 -178
64 22 -111
-263 255 58
268 202 -87
-8 43 -237
-166 270 -197
-155 16 -51
161 225 120
-223 -52 59
-229 199 -215
235 164 35
86 143 -151
47 181 136
-219 294 -149
67 276 -14
-119 -19 -122
192 292 18
-11 212 167
108 91 130
-94 79 94
216 185 112
-75 99 149
-207 -7 -26
-252 53 -3
-199 -10 251
-44 295 156
-185 49 97
-229 130 222
195 243 -199
-3 25 249
166 210 129
13 27 41
161 76 272
-269 230 -246
-172 -21 76
-5 15 -290
-228 -58 -289
-239 48 -228
9 77 -194
-271 105 267
228 97 -60
37 220 214
67 252 199
-94 88 -299
-193 245 -267
-109 73 172
-245 200 -111
-158 295 -243
-294 98 -214
56 26 94
202 125 -87
240 151 -44
-46 -4 0
-181 104 -44
-99 166 117
-183 36 -190
-25 155 251
-96 153 142
296 262 -225
207 236 -203
1 151 -208
251 241 113
78 291 250
173 78 -218
-104 7 10
-142 44 8
126 193 -288
12 271 166
107 203 -44
158 134 141
247 128 251
254 199 -183
-257 200 -127
189 216 -203
-141 32 -273
-228 144 -57
-118 120 -71
242 295 -96
44 177 147
-239 -42 -99
147 219 37
84 190 -159
-2 261 189
274 115 222
-74 182 -110
-116 82 161
62 170 78
265 294 157
-66 197 18
202 127 -4
-27 117 43
280 205 -263
-23 178 -153
-149 173 -198
-256 274 49
-212 120 -252
181 53 182
-153 266 -24
-249 189 122
-297 -15 -91
-236 95 -251
130 185 27
180 224 -107
-218 167 -54
141 142 -85
201 234 -285
-241 35 170
35 160 -32
-21 146 244
95 129 33
-7 125 263
-202 155 -184
80 279 -106
66 130 -54
-219 83 99
229 151 -1
-292 -9 -66
40 32 156
111 186 -31
263 214 -130
-245 80 142
69 161 119
-213 16 -274
-166 -32 -178
-44 106 -12
-230 30 203
-10 74 270
217 219 -87
296 165 189
-187 187 -48
-99 173 -46
-117 282 49
171 55 296
194 192 -118
76 288 53
-193 43 -51
-60 209 279
178 169 -145
-123 213 -156
294 150 -255
255 218 215
-273 294 198
93 33 -246
-104 128 -228
-20 134 -214
189 287 180
-294 261 275
143 64 58
-5 235 -176
-278 20 -89
-7 284 -112
-36 182 22
-244 -43 -126
-233 227 199
158 224 136
80 251 235
-242 14 52
260 207 -205
-12 160 -47
245 249 189
150 165 -210
-216 231 -160
87 158 60
-61 81 207
-171 251 67
110 181 -159
-61 251 187
-161 77 -164
-218 241 -298
-237 103 182
-25 274 -292
91 33 237
-6 82 -159
-232 131 -159
18 14 -76
69 287 -91
288 173 -62
162 139 287
-139 -33 -44
-173 72 154
271 96 -80
160 300 272
108 288 70
165 285 -269
-45 33 -52
-2 297 279
131 182 -113
245 234 -257
-126 227 300
69 105 253
-18 111 -44
-141 41 -123
-294 11 17
-3 4 -144
154 138 -87
279 212 283
-292 132 185
-101 120 -201
259 260 200
170 227 -217
258 150 -289
-267 160 -9
100 252 6
-12 14 -223
-270 155 35
144 74 155
61 132 -285
238 132 298
85 185 191
-257 -18 -62
110 185 123
-273 233 -180
-133 0 -279
-197 222 -160
-194 77 182
-266 232 -92
-206 31 212
131 248 -193
-145 147 224
163 219 -115
-131 259 -258
65 163 -166
-110 50 -55
145 227 -201
-24 170 -108
101 48 132
264 240 -2
178 161 -242
-292 -5 -150
258 150 -82
178 296 79
-31 264 -8
137 78 -280
96 242 53
14 146 65
14 179 185
86 89 121
-23 138 -154
157 80 244
-132 -5 95
-152 3 -33
-265 146 169
79 235 255
-272 137 280
183 160 -212
133 251 -115
47 138 124
-33 266 -31
123 166 16
36 296 184
274 280 264
-81 201 -14
-124 135 -212
-100 131 -94
237 205 186
-107 280 -249
-34 -6 249
107 179 261
101 163 -192
-295 48 -207
-46 190 239
-165 141 124
-119 237 45
229 297 16
92 104 -149
96 59 -51
-243 292 -53
139 218 117
-240 89 290
82 195 -10
66 106 -261
254 210 -246
50 101 295
-88 189 -233
50 257 44
-34 142 147
-81 168 243
24 247 31
-186 -4 217
-207 129 155
-118 107 154
-287 128 227
228 174 -167
112 160 300
247 281 66
29 241 274
-83 283 -112
132 119 -199
-49 49 -140
-33 118 -106
-198 98 -279
-139 -8 -136
153 48 282
41 23 -65
94 133 75
-163 224 -7
-160 237 -94
-77 32 224
-172 67 207
4 51 269
211 194 88
-103 250 -87
193 298 -129
-260 158 16
-99 -3 299
-216 296 -75
-231 -19 -88
68 169 -65
-260 144 171
-246 70 -168
-40 202 166
156 63 279
254 247 -282
-106 60 26
-159 224 249
-3 -2 204
-225 -15 -99
-105 176 146
-268 -66 -39
-240 289 -242
197 286 36
269 180 43
241 288 -234
198 231 282
-211 -33 61
-144 82 -290
-296 262 -67
229 285 -237
-236 145 4
15 292 82
-284 96 166
-192 173 -213
-60 134 -263
283 179 25
-188 40 -193
98 278 252
-212 56 90
27 52 203
-282 -67 -39
112 94 -225
24 296 -292
11 257 -292
-63 -16 -78
288 111 -273
-107 89 -238
-46 182 -94
-109 274 255
193 178 146
43 74 -152
-44 268 195
-201 113 29
47 33 93
-282 165 -241
-215 182 5
8 184 60
-10 117 -54
-166 -28 -4
-60 151 212
80 208 -154
-219 -50 -29
5 98 -225
-272 135 -249
-174 195 228
-230 14 -246
-45 122 109
198 185 9
252 142 248
-237 -40 192
-165 14 22
-209 -21 -96
-80 158 -63
-283 124 -178
-278 100 227
133 104 141
-247 168 -186
199 151 5
230 271 298
-265 197 86
-76 254 -221
30 210 85
-194 46 -61
-214 -61 156
-36 251 217
-175 152 137
-14 37 65
-288 214 31
-230 109 -86
-264 267 112
-261 126 -56
-125 223 251
298 209 57
281 300 -134
-78 293 221
-46 105 -137
77 159 -264
-103 261 198
-196 111 272
-240 -55 180
163 237 207
206 123 250
132 196 -137
9 264 -212
281 237 -282
-202 232 -281
-198 220 261
-106 292 -261
174 217 -208
-49 72 -164
-287 168 -149
15 191 -254
-123 129 4
-97 166 -118
-53 160 54
15 269 -254
-199 130 107
72 172 292
236 134 244
-281 236 27
-246 186 -81
261 224 -296
-261 252 -55
-31 206 -256
-75 115 238
252 263 294
198 185 -139
230 201 199
31 93 -68
-62 282 -190
292 184 195
-110 -28 298
251 180 235
23 298 -51
-206 163 63
-277 147 204
-102 124 -72
-236 258 229
-235 206 152
280 236 -80
-296 -71 36
274 236 148
51 233 190
-160 101 -268
277 232 -64
-296 126 125
-113 50 -108
12 29 296
108 134 -75
101 285 -39
212 189 59
-295 174 210
240 185 59
121 172 278
33 232 249
-224 123 88
-61 63 32
-285 57 -3
272 109 21
-84 62 270
-188 196 -190
-260 85 -70
-171 244 158
-157 64 228
78 202 -262
-295 250 -268
-46 296 295
166 235 -13
65 33 63
-72 150 -46
129 185 233
-274 176 68
174 245 -117
77 233 16
-202 98 183
-26 14 292
-245 124 -147
197 206 243
227 189 -296
282 294 300
-163 206 18
66 69 76
-145 73 -188
-106 -17 144
107 159 -81
81 129 -169
113 58 -102
240 250 -190
223 195 -285
137 53 -162
199 134 150
-289 -13 -98
-281 280 -8
98 222 -17
96 140 243
205 177 -206
177 131 95
-202 -31 -147
-206 291 201
211 144 10
141 255 -171
-29 41 163
-88 241 14
27 157 -219
-29 47 235
-238 277 -162
234 163 -170
-28 55 94
154 250 291
241 295 -276
-255 -50 230
270 185 116
139 230 -216
-270 54 60
275 242 -65
-85 -17 -265
-97 112 -146
247 251 -126
-196 294 189
-170 -17 160
270 186 271
282 210 -278
-234 -41 -34
164 179 -54
-252 50 204
102 295 -181
-81 35 -131
174 119 191
-232 26 283
-88 -19 109
110 57 -12
-234 267 -234
-99 59 -129
250 126 30
229 155 136
210 64 78
19 94 209
-271 192 6
54 173 92
-21 104 253
187 287 -100
-53 270 143
-103 198 -119
121 62 91
-32 70 -112
-142 36 256
133 136 -196
-282 298 255
-142 120 224
-143 64 -248
-157 139 -203
214 250 104
232 244 -300
-139 94 19
288 149 262
69 295 262
-166 25 75
183 206 -46
-245 175 150
292 253 140
263 237 16
298 201 -187
-264 -7 -77
152 236 -33
-203 87 1
-146 290 -37
-132 194 -143
-289 161 -29
7 74 -267
245 91 113
-265 -65 199
213 222 193
-93 28 -126
24 144 -106
46 275 157
-187 247 54
276 111 -193
28 20 222
-89 286 -192
-11 114 85
153 100 224
-266 32 -19
-250 15 225
-170 273 185
-166 299 -168
102 73 -132
-27 200 -153
277 284 -145
265 278 198
201 274 -72
-252 204 95
-179 282 -198
-36 249 -121
198 136 235
-220 169 -84
-208 158 280
191 259 -40
270 89 164
-109 100 -7
-30 295 -244
-228 57 51
137 212 47
-126 221 70
-24 87 181
110 175 175
282 141 155
-120 3 -162
-124 230 -252
-40 253 -255
-231 106 25
-294 230 -45
-11 223 185
-95 293 85
114 197 -163
-18 218 -266
-87 -10 -212
-145 173 -184
-188 207 293
168 275 -36
-257 245 -23
-39 122 -19
-221 294 243
226 192 35
-198 72 55
-185 1 266
212 184 -52
-160 269 -59
-55 224 240
-188 56 -91
-44 125 81
-106 184 158
289 226 159
-176 -16 9
63 259 186
24 21 141
-260 101 -212
-124 43 -49
-172 116 149
44 263 211
-76 68 -155
-195 148 -9
118 201 298
-228 -53 -61
-42 30 -99
-20 41 -121
-170 17 -20
-60 219 -259
298 250 -114
-147 13 -38
-82 26 -267
291 87 183
67 174 -9
-226 2 -245
203 289 -162
-192 172 -266
-147 157 135
203 284 -109
-288 59 70
79 283 30
18 20 -110
-267 -64 -207
-255 37 -277
247 227 194
-274 27 -20
-20 -4 51
18 168 -35
-107 27 -69
-105 56 -23
-288 -2 159
-246 -23 -190
-3 46 212
-31 67 101
-159 186 284
-222 32 -87
157 265 -155
107 254 116
51 183 204
99 254 -121
251 115 -71
-112 141 300
-259 -17 -56
-104 55 241
71 22 237
22 248 7
-214 238 108
-226 276 47
-101 200 136
-66 165 60
-160 288 8
11 88 -89
61 295 262
137 297 278
8 100 -160
-1 278 267
-155 70 121
37 86 -277
142 94 132
249 161 81
75 95 -5
123 265 171
-221 110 291
-237 -60 106
204 120 -253
-11 286 252
-238 163 9
-36 253 238
245 285 166
1 161 21
-195 292 300
-285 125 -21
-297 145 -256
72 102 -6
245 124 255
171 112 -216
-14 261 223
-184 263 283
-174 35 -80
66 150 0
-143 45 275
143 277 233
-171 70 157
-216 293 -22
165 156 248
230 222 -292
-11 266 31
-148 -32 -149
184 225 87
-26 239 275
-72 240 69
166 69 86
-69 86 -27
-30 42 -296
-251 158 -272
-145 60 50
-270 133 -297
-104 33 254
287 240 -120
-165 112 -207
-85 32 249
151 136 175
-201 96 -206
156 124 -189
-142 149 277
-238 194 -111
-19 269 -246
-212 295 -242
-99 111 178
-254 -46 177
-193 165 -173
-1 229 144
8 126 46
268 222 -298
-264 11 -138
-162 174 -245
105 280 275
-275 -53 -32
-116 271 -182
295 291 -153
202 109 -175
-270 -32 -126
-178 157 -127
-6 177 285
-119 276 177
40 42 -231
-226 -63 296
144 270 145
-115 4 280
-245 167 -198
184 111 64
80 85 24
-41 31 -136
10 64 -207
-227 94 -116
6 129 82
-54 -13 209
106 87 -48
-60 52 -224
-231 174 131
-25 144 -193
93 140 -247
-43 104 -56
61 293 -278
66 198 185
-21 240 -139
-79 67 -239
-175 0 128
282 201 155
-294 264 -42
152 181 141
89 214 -29
123 299 -285
106 104 -132
34 279 -166
-249 243 -51
89 134 198
285 234 158
119 91 133
-231 163 201
-174 60 -58
111 216 -133
-105 105 -21
-286 288 -28
-164 10 -45
-298 7 142
8 41 -22
-50 271 -212
188 97 -96
-6 213 141
-246 289 -36
-238 183 -33
106 271 45
-191 277 -106
-239 74 -225
101 78 172
-254 -31 -258
62 71 124
-57 129 174
-269 288 -300
-69 47 128
282 274 -116
-197 19 -51
-56 4 198
217 195 261
147 282 -89
86 210 58
279 111 -155
-202 212 -21
-147 121 167
101 173 -93
-24 203 95
-186 85 226
147 56 -35
-213 240 72
-252 -20 -252
-277 299 48
-81 269 28
85 182 -185
-184 163 276
-57 31 144
-213 117 -231
102 127 232
187 91 135
-224 -26 -179
183 247 -233
117 223 57
119 139 197
184 99 31
-91 39 68
-256 134 119
250 233 171
-177 -5 234
-93 52 226
-218 119 4
-265 92 240
289 254 295
-297 169 84
-226 145 -7
200 95 18
199 222 -2
-165 135 213
216 248 -193
-138 75 271
-213 -17 -276
293 291 -205
31 14 -206
44 128 -166
83 221 23
-217 251 -264
68 190 -56
-137 72 97
-278 -1 51
126 41 189
-3 28 255
15 130 36
-285 63 -220
-144 -20 -129
289 152 241
19 261 -279
286 199 178
-67 52 227
227 118 268
-215 216 -288
-30 9 -111
113 240 -185
-158 22 -297
-291 -59 -68
-1 92 295
-257 125 230
-261 196 73
151 272 -199
-141 113 -246
-107 287 205
-128 5 213
-266 -55 -144
-49 153 -253
20 136 185
169 252 -165
-258 -62 -213
-73 287 130
82 217 174
-108 16 -221
-108 214 74
191 130 -98
-89 119 84
124 122 -16
-271 -37 45
152 216 -275
274 291 222
214 71 144
-36 162 198
-153 195 73
-80 178 91
-268 87 15
-175 -18 255
246 153 244
-6 82 -35
-10 148 45
-236 -64 -138
-17 184 86
-6 188 -290
-272 170 222
-300 244 -108
-45 144 193
-245 117 -274
-72 271 -27
79 242 40
217 228 151
-125 65 157
-59 285 -79
266 211 60
-180 -17 -123
-16 263 252
-110 298 -277
97 64 94
233 138 49
-52 52 -80
-250 125 34
162 85 67
-49 125 -24
-38 109 141
141 235 26
45 197 144
-8 240 -224
194 113 24
-72 230 -179
-136 147 172
-243 262 299
186 242 -88
-29 181 5
-28 38 -294
-88 199 104
49 75 97
87 113 -293
232 245 -86
-151 228 51
73 244 57
225 107 -96
-177 77 120
-289 188 279
-223 -38 -123
-119 248 228
-285 243 39
-58 255 -282
220 115 -226
9 114 44
293 117 60
-173 220 -159
191 185 -50
-233 113 75
275 204 -11
-299 197 245
-221 66 -167
194 63 -273
46 214 40
-123 34 -151
141 97 234
-254 106 119
-249 111 121
50 245 -232
187 140 4
-58 184 -270
-193 108 58
-277 -6 -128
-24 143 -137
-56 226 -96
-80 72 -71
-74 -20 113
215 143 -223
56 163 -145
158 85 66
-121 185 -176
-269 80 219
-255 231 142
-25 55 265
-286 254 -99
122 156 -9
-36 182 -204
-220 -6 -108
113 264 -142
-138 39 -187
-88 286 -281
-72 158 -126
-197 251 32
-248 65 -86
-219 180 -196
-216 80 -68
-87 248 251
-184 250 169
171 149 9
275 111 196
-212 103 223
-251 254 -264
-146 202 -23
76 42 74
-147 127 40
170 243 137
-246 -42 -242
-34 184 272
-52 157 129
-260 0 63
75 215 -292
56 227 153
-289 48 -42
-168 50 123
220 160 253
-45 148 127
-243 138 4
157 215 -16
-13 226 -290
-35 6 253
69 210 -32
283 159 -17
259 275 -255
-271 -44 237
-34 226 -232
201 78 -90
-23 182 143
-291 46 195
-213 97 295
159 197 -124
-222 218 258
-143 0 139
62 124 71
115 59 24
-285 78 -57
105 103 -10
-2 245 -108
-154 37 54
-282 257 244
202 268 212
66 292 -8
119 268 293
101 193 267
97 54 -171
270 89 -9
-259 -36 -26
-178 -39 -44
298 297 -93
55 245 80
-111 61 296
-47 8 -47
-260 33 26
-175 -50 -21
-177 239 -299
-269 216 -282
-138 21 81
-238 197 104
-83 280 -294
-256 198 108
-280 12 215
81 261 -5
-193 273 -217
-203 226 -121
11 119 -297
247 171 75
280 149 -110
-270 110 287
281 164 57
111 99 -18
-276 -22 206
-248 34 202
83 300 274
-99 195 280
61 267 -203
256 185 -89
-169 54 -15
-183 182 134
-257 294 120
164 158 147
-95 261 -84
-242 136 105
-59 52 -2
-161 140 180
-34 231 -84
-61 158 -271
279 292 60
-293 74 -135
299 190 66
-87 278 2
-265 126 -249
-236 273 144
-278 183 -198
-73 198 -18
41 116 81
202 150 -277
-223 66 -35
-54 231 190
-292 32 -120
-99 243 -13
139 121 288
-236 169 237
63 228 16
-105 61 -157
-16 146 -176
-217 78 123
-252 96 -282
-183 67 -136
-294 267 -278
201 244 167
-264 -1 111
-147 193 134
-154 1 167
35 98 22
-118 148 -244
-287 269 170
-232 31 107
117 63 -102
221 278 74
-199 112 -124
279 133 -195
-54 16 164
208 117 190
16 15 -66
-281 -56 161
69 40 -246
224 173 262
48 188 -239
-208 267 -16
38 126 -142
149 271 -211
287 101 1
139 248 253
89 55 -235
282 299 -208
-249 19 -34
-260 250 232
-8 63 -284
-277 280 -186
-278 215 -76
1 108 213
-260 50 283
-215 15 270
-34 73 -167
-30 201 -257
233 273 199
0 274 59
214 80 266
-69 94 59
-158 -6 -260
-267 -45 -44
50 230 -21
-148 244 5
-96 295 254
-22 93 95
-79 195 -125
-233 198 -5
17 190 -157
215 300 -169
5 39 184
-157 46 61
10 90 -154
226 114 179
143 124 130
65 264 207
-116 83 103
226 298 259
-133 261 -271
-154 237 -77
103 70 58
-218 288 -261
57 175 -203
-293 81 -50
-258 -67 153
296 163 -6
162 189 -109
-34 43 30
130 235 219
51 238 -84
-140 62 184
280 242 -167
-5 150 74
-102 243 -41
-25 126 -156
279 85 133
128 191 -180
-258 259 140
90 247 -79
-6 240 88
-285 113 150
-252 11 -237
242 233 258
-238 180 -29
-34 189 -12
-94 4 107
28 145 166
-260 133 -54
-151 299 251
-242 178 -5
-277 211 189
-28 183 11
114 67 -122
57 188 248
-193 245 42
204 254 178
-259 29 -135
249 86 170
1 269 5
152 283 -287
61 143 -234
73 179 72
-195 44 272
34 220 -282
188 192 209
138 221 125
34 180 283
-245 -63 -169
60 293 -131
39 192 88
-170 -13 -178
-95 261 -41
-240 130 -167
267 224 38
-251 267 57
18 92 -204
278 106 159
125 98 -122
-28 214 -122
-76 82 -6
164 114 -9
65 79 -16
19 24 69
-84 288 -107
-153 96 -107
49 238 278
-109 29 -38
-268 73 252
-177 114 101
-199 273 195
-11 245 -111
118 206 82
227 135 43
-36 1 286
-188 199 217
78 268 10
214 152 -86
-126 185 184
161 293 25
-213 31 -257
-110 172 78
-46 170 118
-145 -19 118
125 77 119
-201 156 -116
50 272 266
92 213 -269
-251 -42 14
-136 -35 -259
7 41 243
-130 72 172
-144 255 186
-255 208 -103
171 142 23
-247 137 152
78 244 -291
58 224 -158
-203 32 199
-126 181 -34
224 281 117
214 283 264
-6 254 270
-173 70 246
-173 18 121
-13 29 -97
274 287 158
237 123 -211
-34 65 151
73 241 -238
188 185 -53
214 176 178
-284 -22 142
19 32 -290
-211 91 295
60 272 51
243 244 -44
-13 124 207
46 225 238
185 266 171
171 258 20
-208 -19 -168
-72 78 242
233 112 218
-240 45 -293
-275 -38 -3
-144 267 223
-68 172 265
-58 270 293
46 24 165
124 107 -92
169 78 236
86 174 -157
99 109 -84
-196 280 278
-9 111 -4
111 218 39
-24 128 -93
-238 216 -21
-181 232 279
-259 -25 -135
-37 184 267
133 126 -20
-54 201 -276
-147 117 119
110 89 -253
-200 3 -241
20 261 -30
-15 65 21
-262 -35 91
-251 250 -144
-226 255 3
-122 184 -286
-41 -5 236
-218 242 180
-140 168 293
-94 -8 -40
-155 142 176
-192 224 185
268 264 -242
104 68 -25
-233 120 10
-238 105 266
-286 282 -35
202 92 128
63 259 59
-140 -36 -124
134 135 291
-181 79 99
-272 260 16
-246 -3 255
204 266 -294
-250 203 -295
32 200 108
44 235 -243
-291 21 -249
-96 132 206
105 174 -29
-176 109 -120
-78 284 196
-178 -9 -143
-197 156 -124
-212 135 253
261 177 -52
195 148 -229
218 173 196
229 89 -213
35 286 105
7 156 -252
-21 5 -148
-124 291 -245
-290 249 209
-58 97 267
-115 100 -63
-141 266 73
-240 -9 -169
284 291 1
77 39 292
111 33 82
-295 220 -300
-6 268 -213
-221 -46 -9
136 53 130
-51 4 -118
206 98 -177
37 59 115
216 260 108
109 245 226
-41 93 219
54 18 -47
51 19 -11
153 263 221
-95 30 -181
-115 -18 -39
-184 -24 -29
227 105 -107
-179 217 123
29 218 -204
-281 -63 291
151 195 -214
197 133 177
-257 5 -124
43 77 65
-112 164 -139
243 171 -161
-252 229 273
207 283 27
-132 160 275
-294 233 142
17 197 203
79 70 -295
-62 98 95
261 210 -263
232 216 80
-79 268 82
-146 74 -176
41 246 47
159 106 -157
-145 27 10
-169 175 260
-266 96 230
264 239 -51
-87 139 107
-181 298 -90
9 44 -140
10 205 -162
-237 60 261
292 148 271
34 231 -126
-166 294 283
-87 270 13
-45 65 93
252 212 210
-260 31 138
183 100 219
81 249 166
-194 153 254
-180 152 175
-250 220 -290
-164 2 102
86 172 28
246 82 -38
-130 92 -117
-127 32 283
-159 -4 206
-186 -10 175
41 272 -9
-183 86 -173
-73 -10 170
-230 2 274
-295 79 -7
207 181 -204
243 90 -12
212 98 -280
-285 254 -141
128 274 42
-278 -38 186
-15 202 -214
-73 205 -102
-123 188 150
-294 298 -244
-278 167 -275
109 282 29
-115 189 -118
-121 251 -132
-49 275 235
16 122 17
158 48 157
281 247 -4
265 181 -105
-198 149 118
296 195 66
-84 297 -18
-281 -56 -291
-260 297 205
-120 -13 235
288 208 92
-287 74 35
-91 1 -254
-34 49 247
-107 106 178
-100 7 -191
40 28 -136
202 162 -119
-212 59 -193
207 165 -57
-281 249 -101
-198 59 218
273 297 -242
-284 25 -231
-183 170 -233
-66 27 98
238 253 -184
-88 47 181
223 72 278
92 101 -152
185 160 -28
46 210 215
190 159 -56
-222 154 159
-272 81 4
-232 230 51
-155 121 236
31 286 -298
-93 152 -283
-117 290 -180
41 59 160
267 257 -40
-99 -2 131
243 147 57
-195 22 231
-289 101 -183
63 269 255
81 136 -65
83 298 249
266 91 19
-146 206 158
102 114 -103
14 198 -62
-129 218 -242
119 226 179
-145 43 52
-78 19 273
39 170 -163
-18 240 -297
1 0 52
-226 110 -278
52 168 160
47 286 -212
-43 121 247
-295 201 276
101 170 -85
151 283 -169
147 286 -169
-253 256 -272
-204 274 3
-98 122 132
-167 184 -277
27 230 -182
14 60 75
-78 107 192
259 147 -247
242 143 -285
-282 83 -44
-64 89 10
-17 272 203
-8 273 -219
31 63 202
-215 -8 -161
-101 26 -187
67 210 -125
-183 47 107
-111 170 -179
94 103 283
189 124 -197
-143 143 281
-131 42 -219
-37 117 3
-19 203 -113
-251 115 -147
-1 125 -139
231 219 40
191 243 -209
-153 197 -42
30 189 63
-98 29 18
-55 62 216
-242 12 156
-191 226 -196
-31 150 220
-82 142 250
24 48 206
158 118 191
-92 35 -97
-55 229 -57
-254 111 59
158 209 -63
95 154 -73
-231 153 -246
-224 151 -234
183 94 180
-137 89 -30
-214 227 -281
-160 270 121
-177 291 153
-271 -24 258
-252 30 174
-213 76 62
-138 23 -82
-279 136 -34
206 199 -232
256 223 -294
33 181 -235
-236 -4 248
215 200 -208
25 156 226
-219 -46 235
60 142 49
275 296 -34
192 299 90
-118 259 -276
42 220 -214
182 266 -47
-142 106 210
5 229 -163
-150 132 58
-108 69 -110
-40 284 53
-262 72 260
-246 141 -118
234 251 -172
224 213 16
-267 212 -52
-106 285 -135
-192 234 -115
254 227 273
-255 286 31
-246 260 290
-129 -7 -173
89 256 -99
-213 192 161
109 56 231
-18 66 -25
-66 224 -119
285 220 -222
68 57 -271
-194 280 -53
-228 -24 -274
-228 65 34
117 117 -177
27 200 -232
6 12 -94
0 231 -200
-137 82 -96
-214 241 -83
221 273 -146
154 255 239
-176 170 274
78 46 -160
-2 82 -263
-64 165 45
41 107 171
-11 194 -47
-150 147 -216
-287 143 -194
72 64 -51
-292 116 -284
-148 134 279
-120 294 -11
-218 -38 207
-184 269 177
106 187 -88
-189 119 -246
13 116 -177
293 230 6
55 86 -269
-158 217 166
61 256 -93
-65 36 -266
-290 87 -34
-101 193 -230
-273 184 -15
28 251 238
126 213 -39
-180 144 257
-140 9 49
-274 251 -76
-282 13 125
-175 -36 116
-11 229 -78
-209 249 90
170 212 -132
23 48 42
-27 6 300
-21 82 178
-163 35 88
-227 275 -15
-155 135 136
-117 -25 61
113 197 266
-133 226 -103
84 243 -89
225 101 295
-244 11 173
45 155 142
-221 110 230
-36 39 -243
1 283 -258
-290 207 35
-258 222 199
-145 276 -257
-243 27 -35
-136 -33 -11
-198 167 22
-269 165 81
-61 127 138
273 217 -71
34 103 234
-143 259 4
122 69 -132
-109 164 -28
257 157 26
-219 189 -289
152 68 -87
102 47 174
-278 262 -186
-202 205 -29
-241 74 30
98 253 -258
216 193 -147
-101 172 187
-202 268 -148
-127 92 16
-176 -12 46
25 105 79
-250 115 -4
10 153 40
13 59 -31
-115 185 -275
-291 223 37
144 196 244
-178 163 -253
62 238 128
-27 15 119
-215 247 298
-53 267 -121
-155 31 -68
-195 32 220
-250 209 45
293 114 -228
-195 229 -246
-204 179 96
39 111 -263
-177 -46 -105
239 94 -257
-238 -17 145
-200 227 178
-288 -75 126
-90 55 -78
-204 173 -235
58 198 -96
-80 207 -57
240 162 -72
166 123 -11
-9 94 -76
-188 244 228
-42 61 -238
-58 55 -47
236 173 214
93 270 -272
15 282 -192
-118 215 -41
155 266 -135
-79 129 -130
-94 290 168
13 185 -196
-266 144 -169
220 170 45
-157 57 293
-40 259 -69
298 234 266
70 176 -140
140 223 4
-175 -21 81
-230 174 -298
143 222 274
-261 300 -89
-254 49 -263
129 215 -191
-61 118 -214
222 135 -146
-241 132 81
284 186 -131
90 180 260
83 264 -129
-20 234 -38
30 56 -97
9 217 -270
-106 120 257
-51 145 -246
34 152 122
-112 224 20
91 187 -19
-237 2 -137
-18 261 126
-158 198 276
242 295 51
-131 21 -227
-54 253 139
226 212 82
151 110 83
-31 125 -233
188 233 134
172 54 -69
-198 230 281
-197 295 -119
251 253 175
-65 198 -270
-21 203 173
-91 223 157
-138 -7 -35
-98 5 -127
-69 252 -11
265 121 125
